P404AD4-8	0.0000	0.0000	0.0000	0.0000	0.0000	0.0000	0.0000	1.0000	0.0000	0.0000
B40AD4-10	0.0000	0.0000	0.0000	0.0000	0.0000	0.0000	0.0010	0.9960	0.0030	0.0000
B40AD4-W	0.0000	0.0000	0.0000	0.0000	0.0000	0.0000	0.0000	1.0000	0.0000	0.0000
P401AD4	0.0000	0.0000	0.0000	0.0000	0.0000	0.0000	0.0000	1.0000	0.0000	0.0000
B40AD4-16	0.0000	0.0000	0.0000	0.0000	0.0000	0.0000	0.0000	1.0000	0.0000	0.0000
B12BPS1244	0.0000	0.1320	0.0000	0.0000	0.0000	0.0000	0.0000	0.8680	0.0000	0.0000
B12BPS1247	0.0000	0.0851	0.0480	0.0140	0.0000	0.0000	0.0000	0.8529	0.0000	0.0000
B12TX2276	0.0000	0.0190	0.1050	0.0130	0.0000	0.0000	0.0000	0.8290	0.0010	0.0330
B12TX2091	0.0000	0.0000	0.1640	0.0000	0.0000	0.0000	0.0000	0.8360	0.0000	0.0000
B12TX2090	0.0000	0.0000	0.1480	0.0000	0.0000	0.0000	0.0000	0.8520	0.0000	0.0000
B12TX2093	0.0000	0.0050	0.1862	0.0000	0.0000	0.0000	0.0000	0.8048	0.0000	0.0040
B12TX2092	0.0000	0.0000	0.1992	0.0000	0.0000	0.0000	0.0000	0.8008	0.0000	0.0000
B12TX1996	0.0000	0.0000	0.2452	0.0000	0.0000	0.0000	0.0000	0.7327	0.0000	0.0220
B12TX2095	0.0000	0.0000	0.2112	0.0000	0.0000	0.0000	0.0000	0.7888	0.0000	0.0000
P121TX2094	0.0381	0.0000	0.0942	0.0010	0.0020	0.0150	0.0030	0.4198	0.0210	0.4058
P124TX2094	0.0000	0.0000	0.1890	0.0000	0.0000	0.0000	0.0000	0.8110	0.0000	0.0000
B12TX1678	0.0000	0.0020	0.0000	0.0000	0.0000	0.0000	0.0000	0.9980	0.0000	0.0000
B12BPS1173	0.0000	0.0800	0.0000	0.0000	0.0000	0.0000	0.0000	0.9200	0.0000	0.0000
B12TX0969	0.0000	0.2760	0.0000	0.0000	0.0000	0.0000	0.0000	0.7240	0.0000	0.0000
B12TX0967	0.0000	0.3000	0.0000	0.0000	0.0000	0.0000	0.0000	0.7000	0.0000	0.0000
B12TX1894	0.0050	0.0220	0.0000	0.0000	0.0000	0.0010	0.0000	0.9720	0.0000	0.0000
B12TX1037	0.0000	0.0000	0.0000	0.0000	0.0000	0.0000	0.0000	1.0000	0.0000	0.0000
B12LKSP	0.0000	0.0000	0.0000	0.0000	0.0000	0.0000	0.0000	1.0000	0.0000	0.0000
B12BPS1206	0.0000	0.0000	0.0000	0.0000	0.0000	0.0000	0.0000	1.0000	0.0000	0.0000
B12TX2211	0.0020	0.0000	0.0000	0.0000	0.0000	0.0030	0.0020	0.9930	0.0000	0.0000
B12BPS1152	0.0000	0.0000	0.0000	0.0000	0.0000	0.0000	0.0000	1.0000	0.0000	0.0000
B12BPS1148	0.0000	0.0000	0.0000	0.0000	0.0000	0.0000	0.0000	1.0000	0.0000	0.0000
B12BPS1151	0.0000	0.0000	0.0000	0.0000	0.0000	0.0000	0.0000	1.0000	0.0000	0.0000
B12BPS1149	0.0000	0.0000	0.0000	0.0000	0.0000	0.0000	0.0000	1.0000	0.0000	0.0000
B12BPS1242	0.0020	0.2122	0.1892	0.0280	0.0591	0.0040	0.0000	0.3193	0.0951	0.0911
B12BPS1238	0.0000	0.6494	0.0190	0.0000	0.0000	0.0000	0.0000	0.3317	0.0000	0.0000
B12BPS1239	0.0000	0.7090	0.0000	0.0000	0.0000	0.0000	0.0000	0.2910	0.0000	0.0000
B12BPS1240	0.0000	0.5870	0.0000	0.0000	0.0000	0.0000	0.0000	0.4130	0.0000	0.0000
B12TX2495	0.0010	0.5280	0.0410	0.0000	0.1080	0.0660	0.0500	0.0110	0.1800	0.0150
B12TX2465	0.0390	0.6104	0.0400	0.0070	0.0909	0.0310	0.0190	0.0470	0.1159	0.0000
B12TX2487	0.0000	0.7390	0.0350	0.0000	0.0650	0.0000	0.0370	0.0540	0.0700	0.0000
B12TX2463	0.0110	0.7802	0.0250	0.0050	0.0440	0.0240	0.0100	0.0659	0.0350	0.0000
B12TX2470	0.0000	0.8070	0.0290	0.0000	0.0340	0.0260	0.0010	0.0510	0.0520	0.0000
B12TX2475	0.0360	0.7487	0.0551	0.0000	0.0260	0.0110	0.0000	0.0561	0.0380	0.0290
B12TX2482	0.0400	0.7540	0.0450	0.0250	0.0010	0.0400	0.0040	0.0570	0.0140	0.0200
B12TX2415	0.0000	0.8288	0.0330	0.0010	0.0000	0.0010	0.0400	0.0741	0.0190	0.0030
B12TX2489	0.0160	0.8350	0.0250	0.0000	0.0000	0.0000	0.0210	0.0720	0.0300	0.0010
B12TX1416	0.0290	0.8188	0.0571	0.0000	0.0340	0.0000	0.0000	0.0551	0.0000	0.0060
B12TX2417	0.0170	0.8010	0.0520	0.0200	0.0450	0.0010	0.0090	0.0360	0.0190	0.0000
B12TX1698	0.0020	0.8689	0.0310	0.0240	0.0000	0.0110	0.0000	0.0621	0.0000	0.0010
B12TX1705	0.0020	0.9560	0.0230	0.0030	0.0000	0.0000	0.0000	0.0140	0.0010	0.0010
B12TX0902	0.0000	0.9670	0.0160	0.0000	0.0000	0.0000	0.0000	0.0170	0.0000	0.0000
B12TX1931	0.0000	0.9830	0.0150	0.0000	0.0000	0.0000	0.0000	0.0020	0.0000	0.0000
B12TX1935	0.0000	0.9660	0.0170	0.0000	0.0000	0.0000	0.0000	0.0170	0.0000	0.0000
B12TX1066	0.0000	0.9730	0.0110	0.0000	0.0000	0.0000	0.0000	0.0160	0.0000	0.0000
B12TX1929	0.0000	0.9920	0.0080	0.0000	0.0000	0.0000	0.0000	0.0000	0.0000	0.0000
B12TX1920	0.0000	0.9910	0.0090	0.0000	0.0000	0.0000	0.0000	0.0000	0.0000	0.0000
B12TX0939	0.0000	0.9880	0.0050	0.0000	0.0000	0.0000	0.0000	0.0070	0.0000	0.0000
B12TX1957	0.0000	0.9950	0.0050	0.0000	0.0000	0.0000	0.0000	0.0000	0.0000	0.0000
B12TX1925	0.0000	1.0000	0.0000	0.0000	0.0000	0.0000	0.0000	0.0000	0.0000	0.0000
B12TX1592	0.0000	1.0000	0.0000	0.0000	0.0000	0.0000	0.0000	0.0000	0.0000	0.0000
B12TX0710	0.0000	0.9270	0.0000	0.0170	0.0000	0.0000	0.0000	0.0000	0.0000	0.0560
B12TX0713	0.0000	0.9290	0.0000	0.0130	0.0000	0.0000	0.0000	0.0000	0.0000	0.0580
B12TX0691	0.0000	0.9000	0.0000	0.0280	0.0000	0.0000	0.0000	0.0000	0.0000	0.0720
B12TX0956	0.0000	0.9040	0.0000	0.0200	0.0000	0.0000	0.0000	0.0010	0.0000	0.0750
B12TX0712	0.0000	0.9119	0.0000	0.0200	0.0000	0.0000	0.0000	0.0000	0.0000	0.0681
B12TX1594	0.0000	0.9600	0.0200	0.0000	0.0000	0.0000	0.0000	0.0200	0.0000	0.0000
B12TX1596	0.0519	0.8741	0.0050	0.0000	0.0020	0.0000	0.0230	0.0310	0.0000	0.0130
B12TX1833	0.0000	0.9830	0.0000	0.0000	0.0000	0.0000	0.0000	0.0170	0.0000	0.0000
B12TX1586	0.0080	0.9850	0.0010	0.0000	0.0000	0.0000	0.0000	0.0060	0.0000	0.0000
B12TX1582	0.0000	0.9770	0.0020	0.0000	0.0000	0.0000	0.0000	0.0210	0.0000	0.0000
B12TX1263	0.0000	0.9660	0.0010	0.0000	0.0000	0.0000	0.0000	0.0330	0.0000	0.0000
B12TX1792	0.0000	0.9780	0.0000	0.0000	0.0030	0.0000	0.0020	0.0170	0.0000	0.0000
B12TX1572	0.0000	0.9900	0.0010	0.0000	0.0000	0.0000	0.0000	0.0090	0.0000	0.0000
B12TX2207	0.0000	0.9670	0.0000	0.0000	0.0000	0.0000	0.0000	0.0330	0.0000	0.0000
B12TX2192	0.0000	0.9410	0.0000	0.0000	0.0000	0.0000	0.0000	0.0590	0.0000	0.0000
B12TX2213	0.0000	0.9630	0.0000	0.0000	0.0000	0.0000	0.0000	0.0370	0.0000	0.0000
B12TX2216	0.0010	0.9510	0.0000	0.0010	0.0020	0.0040	0.0010	0.0380	0.0000	0.0020
B12TX1874	0.0000	0.9440	0.0560	0.0000	0.0000	0.0000	0.0000	0.0000	0.0000	0.0000
B12TX2003	0.0000	0.9429	0.0571	0.0000	0.0000	0.0000	0.0000	0.0000	0.0000	0.0000
B12TX0674	0.0000	0.8729	0.1271	0.0000	0.0000	0.0000	0.0000	0.0000	0.0000	0.0000
B12TX1373	0.0000	0.8670	0.1330	0.0000	0.0000	0.0000	0.0000	0.0000	0.0000	0.0000
B12TX1367	0.0000	0.8700	0.1300	0.0000	0.0000	0.0000	0.0000	0.0000	0.0000	0.0000
B12TX1635	0.0000	1.0000	0.0000	0.0000	0.0000	0.0000	0.0000	0.0000	0.0000	0.0000
B12TX1629	0.0000	0.9540	0.0250	0.0000	0.0000	0.0000	0.0000	0.0110	0.0100	0.0000
B12TX1859	0.0000	0.9540	0.0460	0.0000	0.0000	0.0000	0.0000	0.0000	0.0000	0.0000
B12TX1236	0.0000	0.9600	0.0000	0.0000	0.0000	0.0000	0.0000	0.0400	0.0000	0.0000
B12TX1075	0.0000	1.0000	0.0000	0.0000	0.0000	0.0000	0.0000	0.0000	0.0000	0.0000
B12TX2284	0.0000	0.9840	0.0000	0.0000	0.0000	0.0000	0.0000	0.0160	0.0000	0.0000
B12TX1666	0.0000	0.9970	0.0000	0.0000	0.0000	0.0000	0.0000	0.0000	0.0000	0.0030
B12TX1496	0.0000	0.9680	0.0210	0.0000	0.0000	0.0000	0.0000	0.0040	0.0000	0.0070
B12TX1515	0.0130	0.8690	0.0190	0.0060	0.0110	0.0000	0.0000	0.0640	0.0010	0.0170
B12TX1514	0.0000	0.9260	0.0170	0.0000	0.0000	0.0000	0.0010	0.0280	0.0280	0.0000
B12TX1229	0.0000	0.9680	0.0040	0.0000	0.0000	0.0000	0.0000	0.0280	0.0000	0.0000
B12TX2246	0.0000	0.9590	0.0000	0.0090	0.0000	0.0000	0.0000	0.0320	0.0000	0.0000
B12TX2226	0.0000	0.9420	0.0000	0.0000	0.0000	0.0000	0.0000	0.0580	0.0000	0.0000
B12TX1690	0.0000	1.0000	0.0000	0.0000	0.0000	0.0000	0.0000	0.0000	0.0000	0.0000
B12TX1674	0.0010	0.9360	0.0120	0.0130	0.0000	0.0020	0.0000	0.0260	0.0090	0.0010
B12TX1694	0.0000	0.9490	0.0000	0.0000	0.0000	0.0000	0.0000	0.0220	0.0290	0.0000
B12TX1520	0.0000	0.9510	0.0000	0.0000	0.0120	0.0180	0.0010	0.0180	0.0000	0.0000
B12TX1503	0.0000	0.9720	0.0000	0.0000	0.0000	0.0000	0.0000	0.0280	0.0000	0.0000
B12TX1497	0.0000	0.9970	0.0000	0.0000	0.0000	0.0000	0.0000	0.0030	0.0000	0.0000
B12TX1487	0.0000	1.0000	0.0000	0.0000	0.0000	0.0000	0.0000	0.0000	0.0000	0.0000
B12TX1905	0.0000	0.9990	0.0000	0.0000	0.0000	0.0000	0.0000	0.0010	0.0000	0.0000
B12TX1288	0.0000	1.0000	0.0000	0.0000	0.0000	0.0000	0.0000	0.0000	0.0000	0.0000
B12TX1509	0.0000	0.9740	0.0050	0.0020	0.0040	0.0000	0.0000	0.0100	0.0050	0.0000
B12TX1286	0.0000	1.0000	0.0000	0.0000	0.0000	0.0000	0.0000	0.0000	0.0000	0.0000
B12TX1689	0.0000	1.0000	0.0000	0.0000	0.0000	0.0000	0.0000	0.0000	0.0000	0.0000
B12TX0834	0.0000	0.9890	0.0000	0.0000	0.0000	0.0000	0.0000	0.0110	0.0000	0.0000
B12TX1672	0.0000	0.9920	0.0000	0.0000	0.0000	0.0000	0.0000	0.0080	0.0000	0.0000
B12TX1245	0.0000	0.9950	0.0000	0.0000	0.0000	0.0000	0.0000	0.0050	0.0000	0.0000
B12TX2166	0.0000	0.9910	0.0000	0.0000	0.0000	0.0000	0.0000	0.0080	0.0000	0.0010
B12TX2160	0.0000	0.9970	0.0000	0.0000	0.0000	0.0000	0.0000	0.0030	0.0000	0.0000
B12TX1688	0.0000	0.9580	0.0050	0.0000	0.0000	0.0000	0.0000	0.0370	0.0000	0.0000
B12TX1273	0.0000	0.9340	0.0000	0.0000	0.0000	0.0000	0.0000	0.0660	0.0000	0.0000
B12TX2174	0.0010	0.9960	0.0000	0.0000	0.0000	0.0000	0.0000	0.0000	0.0010	0.0020
B12TX0853	0.0000	1.0000	0.0000	0.0000	0.0000	0.0000	0.0000	0.0000	0.0000	0.0000
B12TX1551	0.0000	1.0000	0.0000	0.0000	0.0000	0.0000	0.0000	0.0000	0.0000	0.0000
B12TX2247	0.0000	0.9850	0.0000	0.0000	0.0000	0.0000	0.0000	0.0150	0.0000	0.0000
B12TX1089	0.0000	1.0000	0.0000	0.0000	0.0000	0.0000	0.0000	0.0000	0.0000	0.0000
B12TX2277	0.0000	0.9830	0.0000	0.0000	0.0000	0.0000	0.0000	0.0170	0.0000	0.0000
B12TX1578	0.0000	1.0000	0.0000	0.0000	0.0000	0.0000	0.0000	0.0000	0.0000	0.0000
B12TX1579	0.0000	1.0000	0.0000	0.0000	0.0000	0.0000	0.0000	0.0000	0.0000	0.0000
B12TX2405	0.2372	0.6486	0.0000	0.0000	0.0000	0.0000	0.0981	0.0160	0.0000	0.0000
B12TX1661	0.0610	0.4970	0.0000	0.0000	0.0430	0.0910	0.0290	0.0130	0.2660	0.0000
B12TX1699	0.0000	0.4805	0.1802	0.0971	0.0000	0.0000	0.0000	0.0140	0.0000	0.2282
B12TX1712	0.1960	0.4350	0.0000	0.0010	0.0000	0.0010	0.0520	0.0340	0.0000	0.2810
B12TX2163	0.0020	0.4810	0.0000	0.0010	0.2695	0.0689	0.0030	0.0010	0.1707	0.0030
B12TX1009	0.0000	0.3910	0.0000	0.0010	0.0000	0.0000	0.0000	0.0000	0.0000	0.6080
B12TX1477	0.0000	0.6110	0.0000	0.0640	0.0000	0.0000	0.0000	0.0290	0.0000	0.2960
B12TX2335	0.0000	0.4030	0.0000	0.1350	0.0000	0.0000	0.0000	0.0000	0.0000	0.4620
B12TX2116	0.0000	0.4170	0.0000	0.1090	0.0000	0.0000	0.0000	0.0000	0.0000	0.4740
B12TX0390	0.0000	0.4449	0.0000	0.2124	0.0000	0.0000	0.0000	0.0000	0.0000	0.3427
B12TX1317	0.0020	0.2603	0.0000	0.1071	0.0330	0.0030	0.0511	0.1121	0.0781	0.3534
B12TX1855	0.0000	0.1690	0.0000	0.2550	0.0000	0.0000	0.0000	0.0000	0.0000	0.5760
B12TX0194	0.0000	0.0000	0.0050	0.3003	0.0531	0.0000	0.0180	0.0000	0.0811	0.5425
B12TX0147	0.0000	0.0000	0.0190	0.2710	0.0000	0.0000	0.0240	0.0000	0.1500	0.5360
P124TX0171	0.0030	0.0000	0.0160	0.2657	0.0669	0.0010	0.0450	0.0000	0.0749	0.5275
B12TX0286	0.0000	0.0000	0.0230	0.3840	0.0160	0.0000	0.0000	0.0060	0.0010	0.5700
B12TX0130	0.0000	0.0030	0.0351	0.4008	0.0110	0.0000	0.0000	0.0000	0.0010	0.5491
B12TX0279	0.0000	0.0000	0.5150	0.1910	0.0000	0.0010	0.0000	0.0000	0.0000	0.2930
B12TX1244	0.1190	0.1810	0.0460	0.2400	0.0000	0.0850	0.0000	0.0020	0.0040	0.3230
B12TX0746	0.0100	0.0040	0.0180	0.3844	0.0180	0.0000	0.0000	0.0080	0.0260	0.5315
B12TX0751	0.0220	0.0070	0.0251	0.4118	0.0190	0.0000	0.0010	0.0100	0.0000	0.5040
B12TX0012	0.0010	0.0000	0.0300	0.3227	0.0020	0.0010	0.0000	0.0120	0.0649	0.5664
B12TX0461	0.0000	0.0000	0.0271	0.3226	0.0030	0.0170	0.0000	0.0311	0.0711	0.5281
B12TX0014	0.0010	0.0000	0.0190	0.2737	0.0000	0.0380	0.0000	0.0280	0.0420	0.5984
P124TX0463	0.0170	0.0000	0.0180	0.2897	0.0020	0.0010	0.0000	0.0320	0.0460	0.5944
B12TX0009	0.0310	0.0050	0.0270	0.4066	0.0070	0.0000	0.0000	0.0270	0.0170	0.4795
B12TX2330	0.0000	0.0000	0.0330	0.4630	0.0000	0.0180	0.0000	0.0220	0.0400	0.4240
P124TX0246	0.0000	0.0000	0.0000	0.6316	0.0450	0.0290	0.0010	0.0000	0.0921	0.2012
B12TX0315	0.0000	0.0000	0.0000	0.9130	0.0000	0.0000	0.0000	0.0000	0.0000	0.0870
P124TX0236	0.0000	0.0000	0.0000	1.0000	0.0000	0.0000	0.0000	0.0000	0.0000	0.0000
B12TX2288	0.0000	0.0000	0.0000	1.0000	0.0000	0.0000	0.0000	0.0000	0.0000	0.0000
B12TX0249	0.0000	0.0000	0.0000	1.0000	0.0000	0.0000	0.0000	0.0000	0.0000	0.0000
B12TX0303	0.0000	0.0000	0.0000	1.0000	0.0000	0.0000	0.0000	0.0000	0.0000	0.0000
P124TX0368	0.0160	0.0000	0.0000	0.1040	0.0620	0.0090	0.0080	0.0000	0.0390	0.7620
B12TX1168	0.0010	0.0000	0.0000	0.1249	0.0589	0.0010	0.0050	0.0000	0.0410	0.7682
B12TX0044	0.0000	0.0000	0.0000	0.0520	0.0230	0.0160	0.0010	0.0000	0.0170	0.8910
P124TX0045	0.0020	0.0000	0.0000	0.0000	0.0820	0.0890	0.1950	0.0000	0.0580	0.5740
B12TX1105	0.0300	0.0000	0.0000	0.0550	0.0030	0.0510	0.0000	0.0000	0.0340	0.8270
P124TX0018	0.0260	0.0000	0.0000	0.0000	0.0880	0.0040	0.0000	0.0000	0.0000	0.8820
B12TX1102	0.0000	0.0000	0.0000	0.0010	0.0360	0.0380	0.0000	0.0000	0.0280	0.8970
B12TX0087	0.0010	0.0000	0.0000	0.1460	0.0520	0.3950	0.0000	0.0000	0.0000	0.4060
B12TX0248	0.0000	0.0000	0.0000	0.3260	0.0000	0.0000	0.0000	0.0000	0.0000	0.6740
B12TX1443	0.0000	0.0000	0.0000	0.3320	0.0000	0.0000	0.0000	0.0000	0.0000	0.6680
B12TX0756	0.0000	0.0000	0.0000	0.1692	0.0821	0.0010	0.0591	0.0000	0.0831	0.6056
B12TX1249	0.0000	0.1351	0.0000	0.1161	0.0000	0.0080	0.0000	0.2482	0.0190	0.4735
B12TX0786	0.0000	0.0020	0.0000	0.1860	0.0000	0.0000	0.0000	0.0010	0.0000	0.8110
B12TX1721	0.0561	0.0270	0.2222	0.0841	0.0000	0.0260	0.3544	0.0190	0.0040	0.2072
B12TX2249	0.0000	0.2960	0.3510	0.0880	0.0000	0.0000	0.0000	0.0270	0.0000	0.2380
B12BPS1207	0.0000	0.0190	0.1600	0.0710	0.0000	0.0000	0.0000	0.5100	0.0000	0.2400
B12TX2253	0.0000	0.0380	0.3173	0.1532	0.0000	0.0000	0.0000	0.0010	0.0000	0.4905
B12TX2252	0.0000	0.0370	0.3160	0.1530	0.0000	0.0000	0.0000	0.0020	0.0000	0.4920
B12TX1257	0.0000	0.0000	0.0220	0.4380	0.0970	0.0000	0.0080	0.0000	0.1560	0.2790
B12TX1183	0.0000	0.0000	0.0501	0.4364	0.0701	0.0140	0.0430	0.0000	0.1341	0.2523
B12TX1182	0.0020	0.0000	0.0450	0.4494	0.1341	0.0000	0.0631	0.0000	0.0871	0.2192
B12Gh2091	0.0501	0.0000	0.0631	0.6276	0.0430	0.0000	0.0000	0.0000	0.0571	0.1592
B12TX1115	0.0000	0.0000	0.0440	0.7157	0.0020	0.0000	0.0140	0.0000	0.0000	0.2242
B12TX1055	0.0000	0.0000	0.0000	1.0000	0.0000	0.0000	0.0000	0.0000	0.0000	0.0000
B12TX1110	0.0000	0.0000	0.0000	1.0000	0.0000	0.0000	0.0000	0.0000	0.0000	0.0000
B12TX1113	0.0000	0.0000	0.0000	1.0000	0.0000	0.0000	0.0000	0.0000	0.0000	0.0000
B12TX1349	0.0000	0.0000	0.0000	1.0000	0.0000	0.0000	0.0000	0.0000	0.0000	0.0000
B12TX2329	0.0000	0.0000	0.0000	1.0000	0.0000	0.0000	0.0000	0.0000	0.0000	0.0000
B12TX1292	0.0000	0.0000	0.0000	1.0000	0.0000	0.0000	0.0000	0.0000	0.0000	0.0000
B12TX0698	0.0000	0.0090	0.0050	0.8330	0.0000	0.0000	0.0000	0.0080	0.0000	0.1450
B12TX0959	0.0000	0.0000	0.0660	0.9340	0.0000	0.0000	0.0000	0.0000	0.0000	0.0000
B12TX1226	0.0350	0.0000	0.1678	0.7493	0.0010	0.0000	0.0000	0.0000	0.0010	0.0460
B12TX1459	0.0000	0.0130	0.2170	0.5740	0.0460	0.0000	0.0000	0.0270	0.0000	0.1230
B12TX0665	0.0000	0.0000	0.5700	0.4060	0.0000	0.0000	0.0000	0.0000	0.0000	0.0240
B12TX1228	0.0480	0.0000	0.3564	0.3383	0.0280	0.0010	0.0360	0.0000	0.1922	0.0000
B12TX0672	0.0000	0.0000	0.2994	0.1647	0.0749	0.0349	0.3293	0.0000	0.0719	0.0250
B12TX1975	0.4056	0.0000	0.4845	0.0200	0.0000	0.0310	0.0010	0.0000	0.0420	0.0160
B12TX1968	0.0010	0.0000	0.4980	0.2930	0.0050	0.0000	0.0000	0.0000	0.0080	0.1950
B12TX2081	0.0000	0.0000	0.9830	0.0000	0.0000	0.0000	0.0020	0.0000	0.0010	0.0140
B12TX1895	0.0000	0.0000	1.0000	0.0000	0.0000	0.0000	0.0000	0.0000	0.0000	0.0000
B12TX0481	0.0000	0.0000	1.0000	0.0000	0.0000	0.0000	0.0000	0.0000	0.0000	0.0000
B12TX0664	0.0000	0.0000	1.0000	0.0000	0.0000	0.0000	0.0000	0.0000	0.0000	0.0000
B12TX1107	0.0000	0.0020	0.9980	0.0000	0.0000	0.0000	0.0000	0.0000	0.0000	0.0000
B12TX1981	0.0000	0.0150	0.9380	0.0250	0.0000	0.0000	0.0000	0.0220	0.0000	0.0000
B12TX1982	0.0000	0.0340	0.8839	0.0310	0.0000	0.0000	0.0010	0.0501	0.0000	0.0000
B12TX1988	0.0000	0.1160	0.8830	0.0000	0.0000	0.0000	0.0000	0.0010	0.0000	0.0000
B12TX0670	0.1179	0.0260	0.4795	0.0000	0.0659	0.0849	0.0000	0.0160	0.2098	0.0000
B12TX1990	0.0010	0.0600	0.9200	0.0000	0.0000	0.0040	0.0000	0.0150	0.0000	0.0000
B12TX2228	0.0000	0.0000	1.0000	0.0000	0.0000	0.0000	0.0000	0.0000	0.0000	0.0000
B12TX0662	0.0000	0.0000	1.0000	0.0000	0.0000	0.0000	0.0000	0.0000	0.0000	0.0000
B12OWS	0.0000	0.0000	0.9940	0.0000	0.0000	0.0000	0.0000	0.0060	0.0000	0.0000
B12TX1748	0.0000	0.0000	1.0000	0.0000	0.0000	0.0000	0.0000	0.0000	0.0000	0.0000
B12TX1439	0.0000	0.0000	1.0000	0.0000	0.0000	0.0000	0.0000	0.0000	0.0000	0.0000
B12TX0480	0.0000	0.0000	1.0000	0.0000	0.0000	0.0000	0.0000	0.0000	0.0000	0.0000
B12TX1106	0.0000	0.0000	1.0000	0.0000	0.0000	0.0000	0.0000	0.0000	0.0000	0.0000
B12TX0069	0.0000	0.0030	0.9510	0.0230	0.0000	0.0000	0.0000	0.0000	0.0000	0.0230
B12TX1046	0.0000	0.0100	0.9249	0.0000	0.0000	0.0000	0.0160	0.0220	0.0270	0.0000
B12TX2400	0.0000	0.0611	0.8519	0.0000	0.0000	0.0000	0.0020	0.0480	0.0340	0.0030
B12TX2254	0.0000	0.2550	0.7020	0.0000	0.0000	0.0000	0.0000	0.0030	0.0400	0.0000
B12KLM1872	0.0000	0.5045	0.4555	0.0030	0.0000	0.0000	0.0000	0.0220	0.0140	0.0010
B12TX0879	0.0120	0.3727	0.5411	0.0010	0.0210	0.0000	0.0000	0.0000	0.0361	0.0160
B12TX0217	0.0000	0.0000	0.4925	0.0070	0.0000	0.0000	0.0000	0.0000	0.0531	0.4474
P121TX0231	0.0010	0.0000	0.9259	0.0010	0.0150	0.0000	0.0010	0.0000	0.0000	0.0561
B12TX0937	0.0040	0.0000	0.9080	0.0160	0.0000	0.0000	0.0010	0.0000	0.0340	0.0370
B12TX1111	0.0000	0.0000	0.8939	0.0000	0.0060	0.0000	0.0000	0.0000	0.0340	0.0661
B12TX0663	0.0000	0.0000	0.9790	0.0200	0.0000	0.0000	0.0000	0.0000	0.0010	0.0000
B12TX2089	0.0000	0.0000	0.8888	0.1112	0.0000	0.0000	0.0000	0.0000	0.0000	0.0000
B12TX2096	0.0000	0.0000	0.5810	0.0060	0.0000	0.0000	0.0000	0.4130	0.0000	0.0000
B12TX0686	0.0000	0.0040	0.4835	0.0000	0.0000	0.0000	0.0000	0.3554	0.0190	0.1381
B12BPS1157	0.0000	0.2390	0.4090	0.0010	0.0000	0.0000	0.0000	0.3370	0.0000	0.0140
B12TX1120	0.0070	0.0000	0.9930	0.0000	0.0000	0.0000	0.0000	0.0000	0.0000	0.0000
B12TX0668	0.0000	0.0000	1.0000	0.0000	0.0000	0.0000	0.0000	0.0000	0.0000	0.0000
B12TX1108	0.0000	0.0000	1.0000	0.0000	0.0000	0.0000	0.0000	0.0000	0.0000	0.0000
B12TX0487	0.0000	0.0000	1.0000	0.0000	0.0000	0.0000	0.0000	0.0000	0.0000	0.0000
B12TX0752	0.0000	0.0000	1.0000	0.0000	0.0000	0.0000	0.0000	0.0000	0.0000	0.0000
B12TX0953	0.1219	0.0160	0.0060	0.0569	0.0000	0.0430	0.0569	0.0500	0.0490	0.6004
B12TX0213	0.0000	0.0000	0.0000	0.0010	0.0000	0.0000	0.0000	0.0000	0.0500	0.9490
B12TX0006	0.0000	0.0000	0.0000	0.0560	0.0000	0.0000	0.0000	0.0000	0.0000	0.9440
B12TX0089	0.0000	0.0000	0.0000	0.0000	0.0020	0.0030	0.0000	0.0000	0.0270	0.9680
B12TX0634	0.0000	0.0000	0.0000	0.0000	0.0000	0.0000	0.0000	0.0000	0.0010	0.9990
B12TX0215	0.0000	0.0000	0.0000	0.0000	0.0000	0.0000	0.0000	0.0000	0.0090	0.9910
B12TX0200	0.0000	0.0000	0.0000	0.0000	0.0370	0.0000	0.0000	0.0000	0.0000	0.9630
B12TX0240	0.0000	0.0000	0.0000	0.0000	0.0000	0.0000	0.0000	0.0000	0.0260	0.9740
B12TX1453	0.0000	0.0000	0.0611	0.2563	0.1652	0.0000	0.0200	0.0000	0.1792	0.3183
B12TX0112	0.0350	0.0000	0.0000	0.0280	0.1159	0.0010	0.0150	0.0000	0.2018	0.6034
B12TX0109	0.0000	0.0000	0.0000	0.0490	0.1620	0.0720	0.0270	0.0000	0.3440	0.3460
B12TX0704	0.0270	0.0000	0.0000	0.0841	0.1431	0.0010	0.0811	0.0000	0.3223	0.3413
B11SA1456	0.0311	0.0000	0.0020	0.1603	0.0872	0.4198	0.0000	0.0000	0.0972	0.2024
B11SA0825	0.0470	0.0000	0.0000	0.0040	0.2820	0.0970	0.0020	0.0000	0.2810	0.2870
B11SA1250	0.0788	0.0000	0.0110	0.0629	0.2026	0.0918	0.0968	0.0000	0.3483	0.1078
B11SA1205	0.0850	0.0000	0.0000	0.0000	0.4060	0.0630	0.0090	0.0000	0.4250	0.0120
B11SA0084	0.0430	0.0000	0.0000	0.0000	0.4570	0.0600	0.0440	0.0000	0.3920	0.0040
P115HAU185	0.3313	0.0000	0.0000	0.0000	0.3944	0.0370	0.0000	0.0000	0.2372	0.0000
B11SA0668A	0.1251	0.0000	0.0000	0.0000	0.3584	0.0541	0.0541	0.0000	0.4084	0.0000
B11SA0002	0.0000	0.0000	0.0000	0.0660	0.3150	0.0820	0.0220	0.0000	0.4200	0.0950
B11SA0165	0.0540	0.0000	0.0480	0.0080	0.3250	0.0010	0.1410	0.0000	0.3580	0.0650
B11DIV293	0.0740	0.0000	0.0260	0.0160	0.3140	0.0430	0.0020	0.0000	0.4210	0.1040
B11SA1138	0.0759	0.0000	0.0000	0.0460	0.1868	0.0929	0.2228	0.0000	0.3317	0.0440
B11SA1237	0.2180	0.0000	0.0260	0.0010	0.2440	0.0390	0.0000	0.0000	0.4240	0.0480
B11SA1232	0.1049	0.0000	0.0579	0.0010	0.2607	0.0120	0.0470	0.0000	0.4426	0.0739
B11DIV213	0.0390	0.0000	0.0490	0.0250	0.2713	0.0000	0.0000	0.0000	0.5706	0.0450
B11SA1055	0.0509	0.0000	0.0259	0.0010	0.2096	0.1158	0.0739	0.0000	0.4491	0.0739
B11SA3308	0.1020	0.0080	0.0200	0.0000	0.1670	0.0190	0.1500	0.2010	0.2720	0.0610
B11SA3251	0.0000	0.0000	0.0000	0.0070	0.4910	0.0250	0.0350	0.0000	0.4250	0.0170
B11DIV308	0.0910	0.0000	0.0000	0.0000	0.3630	0.0000	0.0950	0.0000	0.4290	0.0220
B11SA1725	0.0350	0.0000	0.0000	0.0000	0.5245	0.1471	0.0611	0.0000	0.2282	0.0040
B11SA1230	0.0000	0.0000	0.0000	0.0000	0.5185	0.1181	0.0470	0.0000	0.3163	0.0000
B11SA2558	0.0681	0.0000	0.0000	0.0010	0.4454	0.0681	0.0000	0.0020	0.3914	0.0240
P115HAU159	0.0190	0.0000	0.0000	0.0000	0.7067	0.0010	0.0010	0.0000	0.2723	0.0000
P115HAU104	0.2920	0.0000	0.0000	0.0000	0.4770	0.0020	0.1650	0.0000	0.0640	0.0000
P115HAU047	0.0840	0.0000	0.0000	0.0000	0.6820	0.0600	0.0000	0.0000	0.1740	0.0000
B11SA0053	0.0210	0.0000	0.0000	0.0070	0.4600	0.0880	0.0020	0.0000	0.4220	0.0000
B11SA0159	0.0870	0.0000	0.0000	0.0000	0.3590	0.1940	0.0000	0.0000	0.3600	0.0000
B11DIV366	0.0670	0.0000	0.0000	0.0000	0.3410	0.0690	0.0340	0.0000	0.4790	0.0100
B11DIV037	0.0850	0.0000	0.0000	0.0000	0.3020	0.1130	0.0720	0.0000	0.4110	0.0170
B11DIV178	0.0640	0.0000	0.0000	0.0000	0.3300	0.1110	0.0520	0.0000	0.4390	0.0040
B11SA0883	0.1560	0.0000	0.0000	0.0000	0.2390	0.1490	0.0670	0.0000	0.3890	0.0000
P115HU133	0.1480	0.0000	0.0000	0.0000	0.3670	0.0870	0.0640	0.0000	0.3340	0.0000
B11SA2589	0.0540	0.0000	0.0000	0.0000	0.1580	0.6000	0.0010	0.0000	0.1870	0.0000
P115HU271	0.1420	0.0000	0.0000	0.0270	0.3940	0.0840	0.0010	0.0000	0.3520	0.0000
B11SA0186	0.0030	0.0000	0.0000	0.0000	0.2382	0.2673	0.0010	0.0000	0.4555	0.0350
P115HAU124	0.3470	0.0000	0.0000	0.0000	0.1930	0.1470	0.0310	0.0000	0.2820	0.0000
B11SA0333	0.1240	0.0000	0.0000	0.0000	0.1320	0.2330	0.1480	0.0000	0.3630	0.0000
B11SA1166	0.0951	0.0000	0.0000	0.0000	0.1281	0.0450	0.2653	0.0000	0.4665	0.0000
B11SA0857	0.3160	0.0000	0.0000	0.0000	0.0120	0.1640	0.2230	0.0000	0.2850	0.0000
P113Ug4	0.5040	0.0000	0.0000	0.0000	0.0980	0.0000	0.1840	0.0000	0.2140	0.0000
B11SA1766	0.3866	0.0000	0.0000	0.0000	0.0000	0.0010	0.2577	0.0000	0.3546	0.0000
B11SA3332	0.1698	0.0000	0.0160	0.0000	0.0939	0.0260	0.0639	0.0000	0.6304	0.0000
B11DIV034	0.4290	0.0000	0.0000	0.0000	0.0750	0.0330	0.0010	0.0000	0.4620	0.0000
B11SA3335	0.1001	0.0000	0.0050	0.0000	0.1682	0.1041	0.1672	0.0000	0.4555	0.0000
B11SA0982	0.1770	0.0000	0.0000	0.0000	0.1460	0.0000	0.0000	0.0000	0.6770	0.0000
B11DIV306	0.1922	0.0000	0.0010	0.0000	0.1822	0.0000	0.0000	0.0000	0.6246	0.0000
B11SA0904	0.2770	0.0000	0.0000	0.0000	0.1740	0.0000	0.0030	0.0000	0.5460	0.0000
B11DIV012	0.2160	0.0000	0.0000	0.0070	0.1940	0.0550	0.2040	0.0000	0.3170	0.0070
B11SA1291	0.1570	0.0000	0.0090	0.0000	0.1940	0.0100	0.0980	0.0000	0.5320	0.0000
B11SA0238	0.1439	0.0000	0.0000	0.0000	0.1149	0.0000	0.1528	0.0000	0.5884	0.0000
B11DIV058	0.2210	0.0000	0.0000	0.0000	0.1250	0.0000	0.0000	0.0000	0.6540	0.0000
P115HAU072	0.2472	0.0000	0.0000	0.0000	0.1832	0.1031	0.0961	0.0000	0.3704	0.0000
B11SA1263	0.0660	0.0000	0.0000	0.0000	0.0580	0.3590	0.0750	0.0000	0.4420	0.0000
B11SA1278	0.0621	0.0000	0.0000	0.0000	0.0000	0.3483	0.1031	0.0120	0.4745	0.0000
B11SA3489	0.1570	0.0000	0.0120	0.0000	0.1370	0.0000	0.0060	0.0000	0.6880	0.0000
B11SA2356	0.1578	0.0000	0.0150	0.0000	0.0669	0.0410	0.1119	0.0000	0.6074	0.0000
P115HAU176	0.3060	0.0000	0.0000	0.0000	0.4240	0.0000	0.1750	0.0000	0.0950	0.0000
P115HAU121	0.2700	0.0000	0.0000	0.0000	0.3860	0.0000	0.0410	0.0000	0.2790	0.0240
P115HAU123	0.3696	0.0000	0.0000	0.0000	0.3307	0.0000	0.2138	0.0000	0.0859	0.0000
P115HAU180	0.3574	0.0000	0.0000	0.0000	0.3614	0.0000	0.2012	0.0000	0.0801	0.0000
P115HAU248	0.4224	0.0000	0.0000	0.0010	0.3063	0.0871	0.1211	0.0000	0.0621	0.0000
P115HAU070	0.4294	0.0000	0.0000	0.0000	0.3774	0.0000	0.0931	0.0000	0.1001	0.0000
P115HAU071	0.4290	0.0000	0.0000	0.0000	0.3770	0.0000	0.0930	0.0000	0.1010	0.0000
P115HAU126	0.3070	0.0000	0.0000	0.0000	0.3660	0.0000	0.1670	0.0000	0.1600	0.0000
P115HAU275	0.0921	0.0000	0.0000	0.0000	0.6176	0.0000	0.0040	0.0000	0.2863	0.0000
P115HAU270	0.0941	0.0000	0.0000	0.0000	0.6126	0.0000	0.0000	0.0000	0.2933	0.0000
P115HAU279	0.4290	0.0000	0.0000	0.0000	0.2470	0.0000	0.3240	0.0000	0.0000	0.0000
P115HAU277	0.3400	0.0000	0.0000	0.0000	0.1710	0.0000	0.4890	0.0000	0.0000	0.0000
P115HAU278	0.3140	0.0000	0.0000	0.0000	0.2930	0.0000	0.3930	0.0000	0.0000	0.0000
P115HAU280	0.3433	0.0000	0.0000	0.0000	0.2492	0.0000	0.4074	0.0000	0.0000	0.0000
P115HAU165	0.4520	0.0000	0.0000	0.0000	0.3190	0.0000	0.1830	0.0000	0.0460	0.0000
P115HAU119	0.3850	0.0000	0.0000	0.0000	0.2030	0.0070	0.2770	0.0060	0.1130	0.0090
P115HAU196	0.3740	0.0000	0.0000	0.0040	0.2690	0.0000	0.1100	0.0000	0.2020	0.0410
P115HAU112	0.2820	0.0000	0.0000	0.0000	0.2280	0.0000	0.2540	0.0000	0.1990	0.0370
P115HAU181	0.3343	0.0000	0.0000	0.0000	0.1221	0.0380	0.5055	0.0000	0.0000	0.0000
P115HAU105	0.3784	0.0000	0.0000	0.0000	0.1792	0.0000	0.4424	0.0000	0.0000	0.0000
P113JinM33	0.4635	0.0000	0.0000	0.0000	0.0480	0.0000	0.4885	0.0000	0.0000	0.0000
P111Cok312	0.2370	0.0000	0.0000	0.0000	0.0140	0.0770	0.6600	0.0000	0.0120	0.0000
B11SA3403	0.2270	0.0000	0.0000	0.0000	0.0000	0.0000	0.7730	0.0000	0.0000	0.0000
B11SA3360	0.2633	0.0000	0.0000	0.0000	0.0000	0.0100	0.7267	0.0000	0.0000	0.0000
P112Cok315	0.3120	0.0000	0.0000	0.0000	0.0000	0.0000	0.6700	0.0000	0.0180	0.0000
B11SA1184	0.2310	0.0000	0.0000	0.0000	0.0000	0.0000	0.7690	0.0000	0.0000	0.0000
B11SA2374	0.2082	0.0000	0.0000	0.0000	0.0000	0.0000	0.7728	0.0000	0.0190	0.0000
B11DIV230	0.0799	0.0110	0.0100	0.0000	0.0010	0.2607	0.6024	0.0000	0.0350	0.0000
P115HAU274	0.1461	0.0000	0.0000	0.0000	0.0000	0.0000	0.8539	0.0000	0.0000	0.0000
B11DIV079	0.1390	0.0000	0.0000	0.0000	0.0000	0.0760	0.7850	0.0000	0.0000	0.0000
P115HU018	0.3900	0.0000	0.0000	0.0000	0.1700	0.0020	0.4380	0.0000	0.0000	0.0000
P115HAU163	0.6176	0.0000	0.0000	0.0000	0.0100	0.0000	0.3724	0.0000	0.0000	0.0000
P115HAU106	0.5926	0.0000	0.0000	0.0000	0.0000	0.0000	0.4074	0.0000	0.0000	0.0000
P115HAU113	0.2030	0.0000	0.0000	0.0000	0.0680	0.0000	0.7290	0.0000	0.0000	0.0000
P117ST2B	0.1110	0.0000	0.0000	0.0000	0.0620	0.0000	0.8270	0.0000	0.0000	0.0000
B11DIV141	0.0691	0.0000	0.0000	0.0000	0.0380	0.0531	0.8328	0.0000	0.0070	0.0000
B11DIV074	0.0750	0.0000	0.0000	0.0000	0.0390	0.0070	0.7120	0.0000	0.1670	0.0000
B11DIV298	0.0010	0.0000	0.0649	0.0000	0.1968	0.0889	0.4915	0.0000	0.1568	0.0000
B11SA0965	0.1570	0.0000	0.0000	0.0000	0.1120	0.0010	0.6260	0.0000	0.1040	0.0000
B11SA1533	0.1782	0.0000	0.0000	0.0000	0.0521	0.1441	0.4785	0.0000	0.1381	0.0090
B11SA1427	0.3750	0.0000	0.0000	0.0000	0.0850	0.0910	0.2850	0.0000	0.1640	0.0000
B11SA1428	0.3530	0.0000	0.0000	0.0000	0.0740	0.0980	0.3100	0.0010	0.1640	0.0000
B11SA0881	0.1732	0.0000	0.0000	0.0000	0.0400	0.0851	0.4865	0.0000	0.2152	0.0000
B11SA1111	0.1169	0.0000	0.0000	0.0000	0.1039	0.3776	0.2777	0.0000	0.1239	0.0000
B11SA0940	0.2060	0.0000	0.0000	0.0000	0.0750	0.0910	0.4000	0.0000	0.2280	0.0000
B11SA1156	0.2527	0.0000	0.0000	0.0000	0.0000	0.0460	0.6484	0.0000	0.0529	0.0000
P115HAU079	0.2002	0.0000	0.0000	0.0000	0.0000	0.0000	0.7998	0.0000	0.0000	0.0000
P115HAU044	0.1239	0.0000	0.0000	0.0000	0.0719	0.0260	0.7043	0.0000	0.0739	0.0000
P115HAU043	0.1249	0.0000	0.0000	0.0000	0.0709	0.0250	0.7043	0.0000	0.0749	0.0000
B11SA1759	0.1710	0.0000	0.0000	0.0000	0.0000	0.2250	0.4070	0.0000	0.1970	0.0000
B11SA3444	0.2540	0.0000	0.0080	0.0000	0.0760	0.2190	0.2580	0.0010	0.1540	0.0300
P111PD1	0.1080	0.0000	0.0000	0.0010	0.0330	0.1590	0.6120	0.0000	0.0870	0.0000
B11DIV255	0.1060	0.0000	0.0010	0.0070	0.0040	0.5320	0.1850	0.0000	0.1650	0.0000
B11DIV256	0.1862	0.0000	0.0000	0.0000	0.0000	0.2673	0.4294	0.0000	0.1171	0.0000
B11DIV263	0.3904	0.0000	0.0000	0.0000	0.0000	0.1451	0.3534	0.0000	0.1111	0.0000
B11DIV273	0.2268	0.0000	0.0000	0.0000	0.0000	0.1039	0.5624	0.0000	0.1069	0.0000
B11DIV269	0.1700	0.0000	0.0000	0.0000	0.0000	0.0810	0.6510	0.0000	0.0980	0.0000
B11SA2260	0.1491	0.0000	0.0000	0.0000	0.0000	0.1351	0.6086	0.0030	0.1041	0.0000
B11SA1665	0.0830	0.0000	0.0000	0.0000	0.0000	0.1210	0.6700	0.0000	0.1260	0.0000
B11SA3778	0.0731	0.0000	0.0000	0.0000	0.0000	0.1411	0.6687	0.0000	0.1171	0.0000
B11SA1596	0.0000	0.0000	0.0000	0.0000	0.0100	0.1882	0.6036	0.0000	0.1982	0.0000
B11DIV134	0.0250	0.0000	0.0000	0.0000	0.0010	0.2860	0.4030	0.0000	0.2850	0.0000
B11DIV249	0.0090	0.0000	0.0000	0.0000	0.0120	0.3260	0.4260	0.0000	0.2270	0.0000
B11DIV002	0.0140	0.0000	0.0000	0.0000	0.0370	0.2110	0.4720	0.0000	0.2660	0.0000
B11DIV382	0.1140	0.0000	0.0000	0.0000	0.0010	0.0840	0.5540	0.0000	0.2470	0.0000
B11SA0582	0.0861	0.0000	0.0010	0.0200	0.0000	0.1552	0.3293	0.0080	0.4004	0.0000
B11DIV310	0.1470	0.0000	0.0000	0.0000	0.0000	0.1850	0.1240	0.0050	0.5390	0.0000
B11DIV184	0.1371	0.0000	0.0000	0.0000	0.0030	0.1171	0.1802	0.0000	0.5626	0.0000
B11DIV305	0.1311	0.0000	0.0000	0.0000	0.0000	0.1261	0.2182	0.0000	0.5245	0.0000
B11DIV136	0.2352	0.0000	0.0000	0.0180	0.0390	0.2252	0.3994	0.0000	0.0831	0.0000
P114SA0592	0.0531	0.0000	0.0000	0.0000	0.0000	0.0881	0.5516	0.0030	0.3043	0.0000
B11SA1212	0.0150	0.0000	0.0000	0.0000	0.0330	0.1361	0.7948	0.0000	0.0210	0.0000
P115HAU085	0.3930	0.0000	0.0000	0.0000	0.1010	0.1120	0.3750	0.0000	0.0190	0.0000
B11DIV138	0.3626	0.0000	0.0000	0.0000	0.0010	0.0030	0.5045	0.0000	0.1289	0.0000
B11DIV046	0.1702	0.0000	0.0090	0.0000	0.0330	0.1491	0.3113	0.0110	0.3163	0.0000
B11SA1349	0.0540	0.0000	0.0020	0.0000	0.0920	0.1800	0.4780	0.0000	0.1940	0.0000
B11SA3413	0.1251	0.0000	0.0420	0.0150	0.1702	0.0761	0.3153	0.0000	0.2132	0.0430
B11SA3493	0.2806	0.0000	0.0000	0.0000	0.0000	0.1503	0.4840	0.0070	0.0782	0.0000
B11SA3477	0.1160	0.0000	0.0000	0.0000	0.0180	0.2690	0.5750	0.0000	0.0220	0.0000
B11SA2375	0.0461	0.0000	0.0000	0.0000	0.0371	0.3457	0.5040	0.0060	0.0611	0.0000
B11SA1710	0.1902	0.0000	0.0000	0.0761	0.0000	0.3033	0.4024	0.0000	0.0280	0.0000
B11DIV211	0.1440	0.0000	0.0000	0.0840	0.0000	0.2620	0.4720	0.0000	0.0380	0.0000
B11SA1694	0.1130	0.0000	0.0770	0.0000	0.0000	0.0820	0.6640	0.0000	0.0640	0.0000
B11SA2606	0.0590	0.0100	0.0300	0.0000	0.0710	0.0650	0.4010	0.1230	0.1800	0.0610
B11DIV206	0.1200	0.0000	0.0050	0.0000	0.0000	0.3070	0.4030	0.0000	0.1650	0.0000
B11DIV351	0.0771	0.0000	0.0000	0.0000	0.0000	0.2152	0.6727	0.0020	0.0330	0.0000
B11DIV347	0.0920	0.0000	0.0000	0.0000	0.0650	0.2000	0.6180	0.0000	0.0250	0.0000
B11DIV066	0.0470	0.0000	0.0000	0.0000	0.0000	0.1572	0.7407	0.0000	0.0551	0.0000
B11DIV063	0.0010	0.0000	0.0000	0.0000	0.0000	0.1670	0.7650	0.0000	0.0670	0.0000
B11DIV319	0.0691	0.0000	0.0000	0.0000	0.0000	0.0991	0.7327	0.0000	0.0991	0.0000
P111TamSph	0.0889	0.0000	0.0000	0.0000	0.0000	0.0709	0.7532	0.0000	0.0869	0.0000
P112TP	0.1230	0.0000	0.0000	0.0000	0.0000	0.0610	0.7870	0.0000	0.0290	0.0000
B11SA3777	0.1130	0.0000	0.0000	0.0000	0.0000	0.3500	0.4550	0.0000	0.0820	0.0000
B11SA2057	0.0000	0.0000	0.0000	0.0000	0.1120	0.5020	0.3200	0.0040	0.0620	0.0000
B11SA0298	0.0020	0.0000	0.0000	0.0000	0.0621	0.4625	0.3794	0.0000	0.0941	0.0000
P115HAU276	0.3824	0.0000	0.0000	0.0020	0.0460	0.1982	0.2603	0.0030	0.1041	0.0040
P115HAU273	0.3470	0.0000	0.0000	0.0000	0.0450	0.2480	0.2560	0.0000	0.1040	0.0000
B11DIV272	0.1290	0.0000	0.0000	0.0100	0.0800	0.1830	0.4680	0.0000	0.1140	0.0160
B11DIV040	0.0791	0.0000	0.0000	0.0000	0.0000	0.5455	0.2402	0.0000	0.1111	0.0240
B11SA0718	0.1491	0.0000	0.0000	0.0000	0.0470	0.5365	0.0901	0.0000	0.1451	0.0320
B11SA1424	0.1940	0.0000	0.0000	0.0010	0.3230	0.1330	0.1040	0.0000	0.2220	0.0230
P115HAU110	0.3180	0.0000	0.0000	0.0000	0.4000	0.0860	0.0010	0.0000	0.1780	0.0170
B11DIV322	0.0690	0.0000	0.0000	0.0090	0.2130	0.2670	0.2280	0.0000	0.2120	0.0020
P115HAU208	0.1111	0.0000	0.0000	0.0050	0.3343	0.0741	0.1972	0.0000	0.2523	0.0260
B11SA0815	0.0430	0.0000	0.0000	0.0140	0.2138	0.2847	0.2478	0.0000	0.1349	0.0619
B11DIV373	0.0400	0.0000	0.0000	0.0000	0.0619	0.4486	0.4496	0.0000	0.0000	0.0000
B11SA1019	0.0751	0.0000	0.0000	0.0000	0.2082	0.4294	0.0711	0.0000	0.2162	0.0000
B11DIV209	0.0640	0.0000	0.0000	0.0000	0.1110	0.4210	0.2950	0.0000	0.1090	0.0000
B11DIV048	0.0941	0.0000	0.0030	0.0801	0.0000	0.3323	0.4855	0.0000	0.0000	0.0050
P116D531C	0.4166	0.0000	0.0000	0.0000	0.0220	0.3886	0.1728	0.0000	0.0000	0.0000
B11SA1703	0.1600	0.0000	0.0000	0.0980	0.0000	0.4410	0.2990	0.0000	0.0020	0.0000
B11DIV199	0.1460	0.0000	0.0000	0.0010	0.0090	0.4280	0.4060	0.0070	0.0030	0.0000
B11DIV289	0.2420	0.0000	0.0000	0.0000	0.0000	0.5620	0.1960	0.0000	0.0000	0.0000
B11SA1044	0.1980	0.0000	0.0000	0.0000	0.0000	0.5400	0.2620	0.0000	0.0000	0.0000
B11SA1006	0.1660	0.0000	0.0000	0.0000	0.0000	0.6020	0.2320	0.0000	0.0000	0.0000
B11SA0369	0.2810	0.0000	0.0000	0.0000	0.1130	0.3020	0.1120	0.0000	0.1920	0.0000
B11DIV030	0.0921	0.0000	0.0000	0.0000	0.1662	0.0370	0.4104	0.0070	0.2873	0.0000
B11DIV033	0.1662	0.0000	0.0000	0.0000	0.1371	0.2873	0.0000	0.0000	0.4094	0.0000
B11DIV364	0.1470	0.0000	0.0000	0.0000	0.1300	0.2940	0.0090	0.0000	0.4200	0.0000
B11DIV264	0.1742	0.0000	0.0000	0.0000	0.1331	0.2883	0.0030	0.0000	0.4014	0.0000
B11DIV232	0.4720	0.0000	0.0000	0.0000	0.0000	0.3010	0.2270	0.0000	0.0000	0.0000
B11SA0892	0.6146	0.0000	0.0000	0.0000	0.0000	0.2883	0.0971	0.0000	0.0000	0.0000
P116DixieK	0.4480	0.0000	0.0000	0.0000	0.0000	0.3960	0.1560	0.0000	0.0000	0.0000
P115HU213	0.6993	0.0000	0.0000	0.0000	0.0240	0.0519	0.2248	0.0000	0.0000	0.0000
P115HAU137	0.1890	0.0000	0.0000	0.0000	0.2610	0.0750	0.3950	0.0000	0.0800	0.0000
P115HAU090	0.1229	0.0000	0.0000	0.0000	0.3816	0.1409	0.3077	0.0000	0.0470	0.0000
B11SA0311	0.1010	0.0000	0.0000	0.0000	0.2380	0.2110	0.3940	0.0000	0.0560	0.0000
B11DIV243	0.1140	0.0000	0.0000	0.0000	0.0380	0.5200	0.1910	0.0000	0.1230	0.0140
B11DIV169	0.0000	0.0000	0.0000	0.0000	0.0940	0.4160	0.3250	0.0000	0.1650	0.0000
B11DIV119	0.2947	0.0000	0.0000	0.0000	0.0010	0.4825	0.1788	0.0000	0.0430	0.0000
P111HS26	0.0930	0.0000	0.0000	0.0000	0.0480	0.5140	0.3170	0.0000	0.0280	0.0000
P114SA3783	0.1121	0.0000	0.0000	0.0000	0.0771	0.3904	0.4204	0.0000	0.0000	0.0000
B11DIV245	0.0380	0.0000	0.0000	0.0000	0.0140	0.4730	0.4640	0.0010	0.0100	0.0000
B11SA2895	0.0000	0.0000	0.0000	0.0040	0.0690	0.5370	0.3220	0.0040	0.0640	0.0000
B11SA3340	0.0170	0.0000	0.0000	0.0000	0.1401	0.6346	0.1251	0.0000	0.0821	0.0010
B11DIV237	0.0000	0.0000	0.0000	0.0000	0.1130	0.6460	0.1770	0.0000	0.0640	0.0000
B11SA1139	0.0000	0.0000	0.0000	0.0000	0.1700	0.6830	0.0500	0.0000	0.0970	0.0000
B11SA2580	0.0370	0.0000	0.0000	0.0000	0.0630	0.7110	0.0770	0.0000	0.1120	0.0000
B11DIV055	0.1768	0.0000	0.0000	0.0000	0.0410	0.5335	0.1059	0.0619	0.0809	0.0000
B11DIV246	0.0900	0.0000	0.0000	0.0000	0.0420	0.6330	0.1940	0.0000	0.0410	0.0000
B11DIV316	0.2510	0.0000	0.0000	0.0080	0.0000	0.4940	0.2030	0.0040	0.0400	0.0000
B11DIV096	0.0790	0.0000	0.0000	0.0000	0.0450	0.6700	0.1710	0.0020	0.0330	0.0000
B11DIV296	0.0000	0.0000	0.0000	0.0000	0.0531	0.8859	0.0611	0.0000	0.0000	0.0000
B11SA1181	0.0000	0.0000	0.0000	0.0000	0.0010	0.6890	0.3100	0.0000	0.0000	0.0000
B11DIV007	0.0000	0.0000	0.0000	0.0000	0.0000	1.0000	0.0000	0.0000	0.0000	0.0000
B11SA3193	0.0000	0.0000	0.0000	0.0000	0.0000	0.7760	0.2060	0.0000	0.0180	0.0000
B11DIV226	0.0000	0.0000	0.0000	0.0000	0.0000	1.0000	0.0000	0.0000	0.0000	0.0000
P111Maxxa	0.0570	0.0000	0.0000	0.0000	0.0000	0.9430	0.0000	0.0000	0.0000	0.0000
B11DIV059	0.0340	0.0000	0.0000	0.0000	0.0000	0.9660	0.0000	0.0000	0.0000	0.0000
P112AU	0.1630	0.0000	0.0000	0.0000	0.0000	0.6980	0.1390	0.0000	0.0000	0.0000
B11DIV380	0.0000	0.0000	0.0000	0.0000	0.0000	0.9740	0.0260	0.0000	0.0000	0.0000
B11SA3781	0.0380	0.0000	0.0000	0.0000	0.0320	0.9291	0.0010	0.0000	0.0000	0.0000
B11SA1913	0.0110	0.0000	0.0000	0.0000	0.0010	0.9361	0.0509	0.0000	0.0010	0.0000
B11SA1845	0.0100	0.0040	0.0000	0.0000	0.0000	0.7113	0.0619	0.1798	0.0150	0.0180
B11SA2330	0.0630	0.0000	0.0000	0.0000	0.0000	0.4730	0.2570	0.0000	0.2070	0.0000
B11DIV363	0.0070	0.0000	0.0000	0.0000	0.1708	0.5145	0.0579	0.0000	0.2498	0.0000
B11SA3284	0.1548	0.0000	0.0000	0.0000	0.1099	0.4515	0.2657	0.0000	0.0180	0.0000
P115HU130	0.1800	0.0000	0.0000	0.0000	0.5180	0.1370	0.0020	0.0000	0.1630	0.0000
B11SA3256	0.2032	0.0000	0.0050	0.0000	0.3073	0.2923	0.1321	0.0100	0.0501	0.0000
P115HAU223	0.1129	0.0000	0.0000	0.0000	0.5225	0.3047	0.0010	0.0000	0.0589	0.0000
P115HAU091	0.1542	0.0000	0.0000	0.0000	0.3964	0.3403	0.0981	0.0000	0.0110	0.0000
P115HAU186	0.2270	0.0000	0.0000	0.0000	0.5780	0.1760	0.0190	0.0000	0.0000	0.0000
P115HAU224	0.0831	0.0000	0.0000	0.0000	0.6887	0.1642	0.0000	0.0000	0.0641	0.0000
P115HU131	0.2030	0.0000	0.0000	0.0000	0.6360	0.1610	0.0000	0.0000	0.0000	0.0000
P115HAU254	0.2870	0.0000	0.0000	0.0000	0.5540	0.1420	0.0170	0.0000	0.0000	0.0000
P115HAU225	0.0590	0.0000	0.0000	0.0000	0.6800	0.1750	0.0000	0.0000	0.0860	0.0000
P115HAU179	0.1290	0.0000	0.0000	0.0000	0.5810	0.0960	0.0000	0.0000	0.1940	0.0000
P115HAU212	0.0790	0.0000	0.0000	0.0000	0.6050	0.2160	0.0050	0.0000	0.0950	0.0000
P115HAU202	0.0670	0.0000	0.0000	0.0000	0.5820	0.1580	0.0000	0.0000	0.1930	0.0000
P115HAU116	0.0500	0.0000	0.0000	0.0000	0.6250	0.1300	0.0000	0.0000	0.1950	0.0000
P115HAU039	0.1341	0.0000	0.0000	0.0000	0.5045	0.2112	0.0000	0.0000	0.1321	0.0180
P115HAU034	0.1740	0.0000	0.0000	0.0000	0.3850	0.3560	0.0160	0.0000	0.0690	0.0000
P115HAU037	0.3200	0.0000	0.0020	0.0180	0.4740	0.1120	0.0730	0.0000	0.0010	0.0000
P115HAU040	0.0490	0.0000	0.0000	0.0150	0.6060	0.3160	0.0000	0.0000	0.0140	0.0000
P115HAU017	0.2030	0.0000	0.0000	0.0000	0.4930	0.1400	0.1110	0.0000	0.0530	0.0000
P115HAU264	0.3370	0.0000	0.0000	0.0000	0.5160	0.1470	0.0000	0.0000	0.0000	0.0000
P115HAU263	0.3610	0.0000	0.0000	0.0000	0.5200	0.1190	0.0000	0.0000	0.0000	0.0000
P115HAU231	0.3280	0.0000	0.0000	0.0000	0.5760	0.0960	0.0000	0.0000	0.0000	0.0000
B11SA3452	0.0050	0.0000	0.0240	0.0320	0.4110	0.2240	0.0140	0.0000	0.2780	0.0120
B11SA1403	0.0010	0.0000	0.0000	0.0000	0.2523	0.7457	0.0000	0.0000	0.0010	0.0000
B11SA1406	0.0000	0.0000	0.0000	0.0000	0.5250	0.4750	0.0000	0.0000	0.0000	0.0000
B11SA3390	0.0000	0.0000	0.2520	0.0440	0.3610	0.3060	0.0000	0.0000	0.0000	0.0370
B11SA1392	0.0000	0.0000	0.0000	0.0000	0.5210	0.4790	0.0000	0.0000	0.0000	0.0000
B11DIV355	0.0000	0.0000	0.0000	0.0000	0.5230	0.4770	0.0000	0.0000	0.0000	0.0000
P117XLZ42	0.1380	0.0000	0.0000	0.0230	0.6250	0.2040	0.0010	0.0000	0.0090	0.0000
P115HAU258	0.1920	0.0000	0.0000	0.0000	0.6130	0.1910	0.0040	0.0000	0.0000	0.0000
P115HAU257	0.1818	0.0000	0.0000	0.0000	0.6943	0.1239	0.0000	0.0000	0.0000	0.0000
P115HAU228	0.2200	0.0000	0.0000	0.0000	0.4150	0.3600	0.0050	0.0000	0.0000	0.0000
P115HAU229	0.1962	0.0000	0.0000	0.0000	0.6537	0.1502	0.0000	0.0000	0.0000	0.0000
P115HAU033	0.0000	0.0000	0.0000	0.0190	0.7380	0.2430	0.0000	0.0000	0.0000	0.0000
P115HAU251	0.0010	0.0000	0.0000	0.0220	0.7403	0.2368	0.0000	0.0000	0.0000	0.0000
P115HAU203	0.4354	0.0000	0.0000	0.0000	0.2482	0.0701	0.2192	0.0000	0.0270	0.0000
B11SA3338	0.3433	0.0000	0.0000	0.0060	0.0991	0.2322	0.1451	0.0000	0.1742	0.0000
P115HAU098	0.2170	0.0000	0.0000	0.0000	0.4620	0.1040	0.1560	0.0000	0.0610	0.0000
P115HAU169	0.4655	0.0000	0.0000	0.0000	0.3516	0.0450	0.1369	0.0000	0.0010	0.0000
P113Zh9807	0.3163	0.0000	0.0000	0.0000	0.2763	0.0230	0.3844	0.0000	0.0000	0.0000
P115HAU097	0.2950	0.0000	0.0000	0.0000	0.4080	0.0100	0.2870	0.0000	0.0000	0.0000
P115HAU093	0.5060	0.0000	0.0000	0.0000	0.4880	0.0000	0.0060	0.0000	0.0000	0.0000
P113Zh9612	0.6620	0.0000	0.0000	0.0000	0.2160	0.0000	0.1220	0.0000	0.0000	0.0000
P113CRI12	0.6680	0.0000	0.0000	0.0000	0.2180	0.0000	0.1140	0.0000	0.0000	0.0000
P115HAU074	0.2210	0.0000	0.0000	0.0000	0.5340	0.0000	0.2450	0.0000	0.0000	0.0000
P115HAU167	0.1800	0.0000	0.0000	0.0000	0.6490	0.0000	0.1180	0.0000	0.0530	0.0000
P115HAU012	0.0501	0.0000	0.0000	0.0000	0.6286	0.0000	0.1592	0.0000	0.1622	0.0000
P115HAU132	0.1301	0.0000	0.0000	0.0000	0.6466	0.0420	0.0911	0.0000	0.0901	0.0000
P115HAU171	0.0830	0.0000	0.0000	0.0000	0.6930	0.0610	0.0600	0.0000	0.1030	0.0000
