P404AD4-8	0.0000	0.2270	0.7720	0.0010	0.0000
B40AD4-10	0.0008	0.2250	0.7672	0.0028	0.0042
B40AD4-W	0.0000	0.2270	0.7720	0.0010	0.0000
P401AD4	0.0008	0.2150	0.7840	0.0002	0.0000
B40AD4-16	0.0000	0.2250	0.7750	0.0000	0.0000
B12BPS1244	0.0000	0.2450	0.7550	0.0000	0.0000
B12BPS1247	0.0000	0.1840	0.8030	0.0130	0.0000
B12TX2276	0.0000	0.0821	0.8647	0.0444	0.0088
B12TX2091	0.0000	0.0000	0.9952	0.0048	0.0000
B12TX2090	0.0000	0.0000	1.0000	0.0000	0.0000
B12TX2093	0.0000	0.0232	0.9680	0.0088	0.0000
B12TX2092	0.0000	0.0072	0.9786	0.0142	0.0000
B12TX1996	0.0000	0.0150	0.9582	0.0268	0.0000
B12TX2095	0.0000	0.0080	0.9920	0.0000	0.0000
P121TX2094	0.0586	0.0000	0.5198	0.3442	0.0774
P124TX2094	0.0000	0.0000	1.0000	0.0000	0.0000
B12TX1678	0.0000	0.0668	0.9332	0.0000	0.0000
B12BPS1173	0.0000	0.1872	0.8128	0.0000	0.0000
B12TX0969	0.0000	0.3920	0.6080	0.0000	0.0000
B12TX0967	0.0000	0.4170	0.5830	0.0000	0.0000
B12TX1894	0.0040	0.1150	0.8810	0.0000	0.0000
B12TX1037	0.0000	0.0730	0.9270	0.0000	0.0000
B12LKSP	0.0000	0.0540	0.9460	0.0000	0.0000
B12BPS1206	0.0000	0.0460	0.9540	0.0000	0.0000
B12TX2211	0.0040	0.0602	0.9350	0.0000	0.0008
B12BPS1152	0.0000	0.0174	0.9826	0.0000	0.0000
B12BPS1148	0.0000	0.0192	0.9808	0.0000	0.0000
B12BPS1151	0.0000	0.0182	0.9818	0.0000	0.0000
B12BPS1149	0.0000	0.0212	0.9788	0.0000	0.0000
B12BPS1242	0.0182	0.2470	0.4730	0.1200	0.1418
B12BPS1238	0.0000	0.7070	0.2930	0.0000	0.0000
B12BPS1239	0.0000	0.7810	0.2190	0.0000	0.0000
B12BPS1240	0.0000	0.6790	0.3210	0.0000	0.0000
B12TX2495	0.0799	0.5314	0.0522	0.0228	0.3137
B12TX2465	0.0788	0.6211	0.0740	0.0240	0.2020
B12TX2487	0.0378	0.7532	0.0759	0.0000	0.1331
B12TX2463	0.0392	0.7994	0.0721	0.0042	0.0851
B12TX2470	0.0012	0.8228	0.0630	0.0022	0.1108
B12TX2475	0.0452	0.7600	0.0980	0.0340	0.0628
B12TX2482	0.0584	0.7696	0.0863	0.0388	0.0468
B12TX2415	0.0132	0.8480	0.0846	0.0060	0.0482
B12TX2489	0.0440	0.8547	0.0783	0.0010	0.0220
B12TX1416	0.0382	0.8330	0.0932	0.0122	0.0234
B12TX2417	0.0376	0.8122	0.0798	0.0132	0.0572
B12TX1698	0.0024	0.8857	0.0751	0.0262	0.0106
B12TX1705	0.0012	0.9640	0.0260	0.0088	0.0000
B12TX0902	0.0000	0.9770	0.0230	0.0000	0.0000
B12TX1931	0.0000	0.9910	0.0090	0.0000	0.0000
B12TX1935	0.0000	0.9768	0.0222	0.0010	0.0000
B12TX1066	0.0000	0.9838	0.0160	0.0002	0.0000
B12TX1929	0.0000	1.0000	0.0000	0.0000	0.0000
B12TX1920	0.0000	0.9990	0.0010	0.0000	0.0000
B12TX0939	0.0000	0.9988	0.0012	0.0000	0.0000
B12TX1957	0.0000	1.0000	0.0000	0.0000	0.0000
B12TX1925	0.0000	1.0000	0.0000	0.0000	0.0000
B12TX1592	0.0000	1.0000	0.0000	0.0000	0.0000
B12TX0710	0.0022	0.9309	0.0000	0.0669	0.0000
B12TX0713	0.0000	0.9302	0.0000	0.0698	0.0000
B12TX0691	0.0000	0.9039	0.0000	0.0961	0.0000
B12TX0956	0.0000	0.9070	0.0000	0.0930	0.0000
B12TX0712	0.0000	0.9140	0.0000	0.0860	0.0000
B12TX1594	0.0000	0.9700	0.0300	0.0000	0.0000
B12TX1596	0.0792	0.8897	0.0210	0.0100	0.0000
B12TX1833	0.0000	0.9982	0.0018	0.0000	0.0000
B12TX1586	0.0080	0.9920	0.0000	0.0000	0.0000
B12TX1582	0.0000	0.9910	0.0090	0.0000	0.0000
B12TX1263	0.0000	0.9820	0.0180	0.0000	0.0000
B12TX1792	0.0002	0.9878	0.0062	0.0000	0.0058
B12TX1572	0.0000	0.9990	0.0010	0.0000	0.0000
B12TX2207	0.0000	0.9810	0.0190	0.0000	0.0000
B12TX2192	0.0000	0.9600	0.0400	0.0000	0.0000
B12TX2213	0.0000	0.9770	0.0230	0.0000	0.0000
B12TX2216	0.0008	0.9660	0.0230	0.0000	0.0102
B12TX1874	0.0000	0.9410	0.0590	0.0000	0.0000
B12TX2003	0.0000	0.9388	0.0602	0.0010	0.0000
B12TX0674	0.0000	0.8629	0.1371	0.0000	0.0000
B12TX1373	0.0000	0.8610	0.1390	0.0000	0.0000
B12TX1367	0.0000	0.8640	0.1360	0.0000	0.0000
B12TX1635	0.0000	1.0000	0.0000	0.0000	0.0000
B12TX1629	0.0080	0.9570	0.0350	0.0000	0.0000
B12TX1859	0.0000	0.9500	0.0500	0.0000	0.0000
B12TX1236	0.0000	0.9740	0.0260	0.0000	0.0000
B12TX1075	0.0000	1.0000	0.0000	0.0000	0.0000
B12TX2284	0.0020	0.9958	0.0010	0.0000	0.0012
B12TX1666	0.0000	0.9990	0.0000	0.0010	0.0000
B12TX1496	0.0000	0.9698	0.0232	0.0070	0.0000
B12TX1515	0.0160	0.8870	0.0610	0.0272	0.0088
B12TX1514	0.0120	0.9380	0.0350	0.0000	0.0150
B12TX1229	0.0000	0.9830	0.0170	0.0000	0.0000
B12TX2246	0.0000	0.9768	0.0142	0.0090	0.0000
B12TX2226	0.0000	0.9650	0.0350	0.0000	0.0000
B12TX1690	0.0000	1.0000	0.0000	0.0000	0.0000
B12TX1674	0.0018	0.9488	0.0220	0.0162	0.0112
B12TX1694	0.0000	0.9660	0.0020	0.0010	0.0310
B12TX1520	0.0000	0.9638	0.0022	0.0000	0.0340
B12TX1503	0.0000	0.9840	0.0160	0.0000	0.0000
B12TX1497	0.0000	1.0000	0.0000	0.0000	0.0000
B12TX1487	0.0000	1.0000	0.0000	0.0000	0.0000
B12TX1905	0.0000	1.0000	0.0000	0.0000	0.0000
B12TX1288	0.0000	1.0000	0.0000	0.0000	0.0000
B12TX1509	0.0000	0.9820	0.0070	0.0000	0.0110
B12TX1286	0.0000	1.0000	0.0000	0.0000	0.0000
B12TX1689	0.0000	1.0000	0.0000	0.0000	0.0000
B12TX0834	0.0000	1.0000	0.0000	0.0000	0.0000
B12TX1672	0.0010	0.9990	0.0000	0.0000	0.0000
B12TX1245	0.0000	1.0000	0.0000	0.0000	0.0000
B12TX2166	0.0000	0.9972	0.0000	0.0010	0.0018
B12TX2160	0.0000	1.0000	0.0000	0.0000	0.0000
B12TX1688	0.0000	0.9720	0.0280	0.0000	0.0000
B12TX1273	0.0000	0.9660	0.0340	0.0000	0.0000
B12TX2174	0.0020	0.9980	0.0000	0.0000	0.0000
B12TX0853	0.0002	0.9990	0.0000	0.0000	0.0008
B12TX1551	0.0000	1.0000	0.0000	0.0000	0.0000
B12TX2247	0.0000	0.9940	0.0060	0.0000	0.0000
B12TX1089	0.0000	1.0000	0.0000	0.0000	0.0000
B12TX2277	0.0000	1.0000	0.0000	0.0000	0.0000
B12TX1578	0.0000	1.0000	0.0000	0.0000	0.0000
B12TX1579	0.0000	1.0000	0.0000	0.0000	0.0000
B12TX2405	0.3343	0.6557	0.0100	0.0000	0.0000
B12TX1661	0.1210	0.5060	0.0132	0.0000	0.3598
B12TX1699	0.0190	0.4750	0.2000	0.3040	0.0020
B12TX1712	0.2712	0.4500	0.0120	0.2546	0.0122
B12TX2163	0.0669	0.4846	0.0000	0.0186	0.4299
B12TX1009	0.0000	0.3900	0.0000	0.5340	0.0760
B12TX1477	0.0078	0.6259	0.0030	0.3561	0.0072
B12TX2335	0.0000	0.4040	0.0000	0.5960	0.0000
B12TX2116	0.0000	0.4189	0.0000	0.5811	0.0000
B12TX0390	0.0000	0.4460	0.0000	0.5200	0.0340
B12TX1317	0.0558	0.3009	0.0350	0.4531	0.1552
B12TX1855	0.0128	0.1698	0.0000	0.7764	0.0410
B12TX0194	0.0268	0.0000	0.0002	0.7906	0.1823
B12TX0147	0.0000	0.0000	0.0138	0.7622	0.2240
P124TX0171	0.0502	0.0000	0.0062	0.7444	0.1991
B12TX0286	0.0000	0.0000	0.0250	0.8862	0.0888
B12TX0130	0.0018	0.0022	0.0320	0.8902	0.0738
B12TX0279	0.0008	0.0000	0.5150	0.4560	0.0282
B12TX1244	0.1642	0.1810	0.0450	0.5260	0.0838
B12TX0746	0.0222	0.0060	0.0220	0.8590	0.0908
B12TX0751	0.0296	0.0080	0.0310	0.8522	0.0792
B12TX0012	0.0002	0.0010	0.0370	0.8287	0.1331
B12TX0461	0.0088	0.0000	0.0570	0.7882	0.1460
B12TX0014	0.0318	0.0000	0.0450	0.7942	0.1290
P124TX0463	0.0238	0.0000	0.0498	0.8162	0.1102
B12TX0009	0.0500	0.0060	0.0528	0.8310	0.0602
B12TX2330	0.0010	0.0000	0.0490	0.8440	0.1060
P124TX0246	0.0060	0.0000	0.0000	0.8170	0.1770
B12TX0315	0.0000	0.0000	0.0000	1.0000	0.0000
P124TX0236	0.0000	0.0000	0.0000	1.0000	0.0000
B12TX2288	0.0000	0.0000	0.0000	1.0000	0.0000
B12TX0249	0.0000	0.0000	0.0000	1.0000	0.0000
B12TX0303	0.0000	0.0000	0.0000	1.0000	0.0000
P124TX0368	0.0508	0.0000	0.0000	0.7494	0.1998
B12TX1168	0.0238	0.0000	0.0000	0.7780	0.1982
B12TX0044	0.0114	0.0000	0.0000	0.8052	0.1834
P124TX0045	0.1791	0.0000	0.0000	0.4866	0.3343
B12TX1105	0.0438	0.0000	0.0026	0.7548	0.1988
P124TX0018	0.0522	0.0000	0.0000	0.7480	0.1998
B12TX1102	0.0010	0.0020	0.0000	0.7674	0.2296
B12TX0087	0.0906	0.0000	0.0000	0.4840	0.4254
B12TX0248	0.0160	0.0000	0.0000	0.9840	0.0000
B12TX1443	0.0390	0.0000	0.0000	0.9610	0.0000
B12TX0756	0.0617	0.0010	0.0000	0.6989	0.2384
B12TX1249	0.0000	0.1892	0.1713	0.5474	0.0921
B12TX0786	0.0156	0.0110	0.0000	0.9199	0.0534
B12TX1721	0.3108	0.0240	0.2440	0.2468	0.1744
B12TX2249	0.0002	0.2771	0.3991	0.3209	0.0028
B12BPS1207	0.0000	0.0490	0.6373	0.3137	0.0000
B12TX2253	0.0000	0.0310	0.3317	0.6373	0.0000
B12TX2252	0.0000	0.0298	0.3311	0.6391	0.0000
B12TX1257	0.0364	0.0000	0.0110	0.7062	0.2464
B12TX1183	0.0200	0.0000	0.0352	0.6820	0.2628
B12TX1182	0.0687	0.0000	0.0270	0.6705	0.2338
B12Gh2091	0.0723	0.0000	0.0440	0.7884	0.0953
B12TX1115	0.0114	0.0000	0.0330	0.9250	0.0306
B12TX1055	0.0000	0.0000	0.0000	1.0000	0.0000
B12TX1110	0.0000	0.0000	0.0000	1.0000	0.0000
B12TX1113	0.0018	0.0000	0.0000	0.9982	0.0000
B12TX1349	0.0000	0.0000	0.0000	0.9906	0.0094
B12TX2329	0.0000	0.0000	0.0000	1.0000	0.0000
B12TX1292	0.0096	0.0000	0.0000	0.9880	0.0024
B12TX0698	0.0028	0.0080	0.0198	0.9694	0.0000
B12TX0959	0.0056	0.0000	0.0572	0.9361	0.0010
B12TX1226	0.0460	0.0000	0.1583	0.7956	0.0000
B12TX1459	0.0118	0.0070	0.2498	0.6835	0.0480
B12TX0665	0.0128	0.0000	0.5755	0.4117	0.0000
B12TX1228	0.1082	0.0000	0.3600	0.3370	0.1948
B12TX0672	0.2428	0.0000	0.2971	0.1828	0.2773
B12TX1975	0.4703	0.0000	0.4771	0.0428	0.0098
B12TX1968	0.0000	0.0000	0.5069	0.4551	0.0380
B12TX2081	0.0000	0.0000	0.9770	0.0220	0.0010
B12TX1895	0.0000	0.0000	1.0000	0.0000	0.0000
B12TX0481	0.0000	0.0000	1.0000	0.0000	0.0000
B12TX0664	0.0000	0.0000	1.0000	0.0000	0.0000
B12TX1107	0.0000	0.0000	1.0000	0.0000	0.0000
B12TX1981	0.0000	0.0000	0.9840	0.0160	0.0000
B12TX1982	0.0016	0.0200	0.9668	0.0116	0.0000
B12TX1988	0.0000	0.0833	0.9167	0.0000	0.0000
B12TX0670	0.1730	0.0160	0.5145	0.0010	0.2955
B12TX1990	0.0010	0.0360	0.9620	0.0000	0.0010
B12TX2228	0.0000	0.0000	1.0000	0.0000	0.0000
B12TX0662	0.0000	0.0000	1.0000	0.0000	0.0000
B12OWS	0.0000	0.0000	1.0000	0.0000	0.0000
B12TX1748	0.0000	0.0000	1.0000	0.0000	0.0000
B12TX1439	0.0000	0.0000	1.0000	0.0000	0.0000
B12TX0480	0.0000	0.0000	1.0000	0.0000	0.0000
B12TX1106	0.0000	0.0000	1.0000	0.0000	0.0000
B12TX0069	0.0002	0.0000	0.9588	0.0410	0.0000
B12TX1046	0.0362	0.0050	0.9570	0.0000	0.0018
B12TX2400	0.0296	0.0450	0.9165	0.0034	0.0056
B12TX2254	0.0036	0.2150	0.7410	0.0000	0.0404
B12KLM1872	0.0002	0.4824	0.5014	0.0012	0.0148
B12TX0879	0.0228	0.3420	0.5630	0.0340	0.0382
B12TX0217	0.0000	0.0000	0.4701	0.4081	0.1218
P121TX0231	0.0074	0.0000	0.9301	0.0486	0.0140
B12TX0937	0.0332	0.0000	0.9030	0.0548	0.0090
B12TX1111	0.0000	0.0000	0.8840	0.0650	0.0510
B12TX0663	0.0000	0.0000	0.9890	0.0110	0.0000
B12TX2089	0.0056	0.0000	0.8923	0.1013	0.0008
B12TX2096	0.0000	0.0000	1.0000	0.0000	0.0000
B12TX0686	0.0020	0.0080	0.8393	0.1109	0.0398
B12BPS1157	0.0000	0.2620	0.7250	0.0128	0.0002
B12TX1120	0.0070	0.0000	0.9930	0.0000	0.0000
B12TX0668	0.0000	0.0000	1.0000	0.0000	0.0000
B12TX1108	0.0000	0.0000	1.0000	0.0000	0.0000
B12TX0487	0.0000	0.0000	1.0000	0.0000	0.0000
B12TX0752	0.0000	0.0000	1.0000	0.0000	0.0000
B12TX0953	0.1958	0.0250	0.0460	0.5730	0.1602
B12TX0213	0.0000	0.0000	0.0000	0.8122	0.1878
B12TX0006	0.0026	0.0000	0.0000	0.8440	0.1534
B12TX0089	0.0000	0.0000	0.0000	0.7748	0.2252
B12TX0634	0.0000	0.0000	0.0000	0.8260	0.1740
B12TX0215	0.0000	0.0000	0.0000	0.7988	0.2012
B12TX0200	0.0006	0.0000	0.0000	0.7870	0.2124
B12TX0240	0.0000	0.0000	0.0000	0.8082	0.1918
B12TX1453	0.0374	0.0000	0.0520	0.5580	0.3526
B12TX0112	0.0713	0.0000	0.0000	0.5685	0.3603
B12TX0109	0.0850	0.0000	0.0000	0.3871	0.5279
B12TX0704	0.1160	0.0000	0.0000	0.4170	0.4670
B11SA1456	0.1418	0.0000	0.0000	0.3320	0.5262
B11SA0825	0.1286	0.0000	0.0000	0.2742	0.5972
B11SA1250	0.2080	0.0000	0.0070	0.1942	0.5909
B11SA1205	0.1954	0.0000	0.0000	0.0340	0.7706
B11SA0084	0.1660	0.0000	0.0000	0.0310	0.8030
P115HAU185	0.4018	0.0000	0.0000	0.0052	0.5930
B11SA0668A	0.2468	0.0000	0.0000	0.0302	0.7231
B11SA0002	0.1026	0.0000	0.0000	0.2050	0.6924
B11SA0165	0.1974	0.0000	0.0480	0.1029	0.6517
B11DIV293	0.1688	0.0000	0.0220	0.1600	0.6491
B11SA1138	0.2898	0.0000	0.0000	0.1260	0.5842
B11SA1237	0.2946	0.0000	0.0190	0.1132	0.5732
B11SA1232	0.2100	0.0000	0.0552	0.1348	0.6000
B11DIV213	0.1298	0.0000	0.0430	0.1660	0.6612
B11SA1055	0.1904	0.0000	0.0200	0.1379	0.6517
B11SA3308	0.2580	0.0460	0.1900	0.0830	0.4230
B11SA3251	0.1087	0.0000	0.0020	0.0719	0.8173
B11DIV308	0.2250	0.0000	0.0000	0.0550	0.7200
B11SA1725	0.1518	0.0000	0.0000	0.0140	0.8342
B11SA1230	0.1311	0.0000	0.0012	0.0048	0.8629
B11SA2558	0.1558	0.0000	0.0030	0.0530	0.7882
P115HAU159	0.1217	0.0000	0.0000	0.0150	0.8633
P115HAU104	0.5048	0.0000	0.0000	0.0000	0.4952
P115HAU047	0.1948	0.0000	0.0000	0.0070	0.7982
B11SA0053	0.1214	0.0000	0.0000	0.0410	0.8376
B11SA0159	0.1888	0.0000	0.0000	0.0100	0.8012
B11DIV366	0.1776	0.0000	0.0000	0.0400	0.7824
B11DIV037	0.2140	0.0000	0.0000	0.0440	0.7421
B11DIV178	0.1995	0.0000	0.0000	0.0360	0.7645
B11SA0883	0.2890	0.0000	0.0000	0.0000	0.7110
P115HU133	0.2738	0.0000	0.0000	0.0220	0.7042
B11SA2589	0.2076	0.0000	0.0000	0.0000	0.7924
P115HU271	0.2400	0.0000	0.0000	0.0580	0.7021
B11SA0186	0.1336	0.0000	0.0040	0.0680	0.7944
P115HAU124	0.4560	0.0000	0.0000	0.0000	0.5440
B11SA0333	0.3128	0.0000	0.0000	0.0010	0.6862
B11SA1166	0.2976	0.0000	0.0000	0.0000	0.7024
B11SA0857	0.5162	0.0000	0.0000	0.0010	0.4828
P113Ug4	0.6668	0.0000	0.0000	0.0000	0.3332
B11SA1766	0.5948	0.0000	0.0198	0.0002	0.3852
B11SA3332	0.2898	0.0000	0.0430	0.0000	0.6672
B11DIV034	0.5046	0.0000	0.0158	0.0054	0.4742
B11SA3335	0.2814	0.0000	0.0088	0.0240	0.6859
B11SA0982	0.2586	0.0000	0.0120	0.0440	0.6854
B11DIV306	0.2620	0.0000	0.0120	0.0262	0.6998
B11SA0904	0.3257	0.0000	0.0000	0.0070	0.6673
B11DIV012	0.4165	0.0000	0.0000	0.0270	0.5566
B11SA1291	0.2772	0.0000	0.0168	0.0000	0.7060
B11SA0238	0.3128	0.0000	0.0060	0.0260	0.6552
B11DIV058	0.2836	0.0000	0.0160	0.0138	0.6867
P115HAU072	0.3856	0.0000	0.0150	0.0030	0.5964
B11SA1263	0.2126	0.0000	0.0120	0.0000	0.7754
B11SA1278	0.2318	0.0000	0.0242	0.0000	0.7441
B11SA3489	0.2380	0.0000	0.0208	0.0312	0.7099
B11SA2356	0.3080	0.0000	0.0250	0.0202	0.6467
P115HAU176	0.5120	0.0000	0.0000	0.0000	0.4880
P115HAU121	0.3887	0.0000	0.0000	0.0462	0.5651
P115HAU123	0.5927	0.0000	0.0000	0.0000	0.4073
P115HAU180	0.5849	0.0000	0.0000	0.0002	0.4149
P115HAU248	0.5959	0.0000	0.0000	0.0020	0.4021
P115HAU070	0.5712	0.0000	0.0000	0.0000	0.4288
P115HAU071	0.5720	0.0000	0.0000	0.0000	0.4280
P115HAU126	0.4768	0.0000	0.0000	0.0000	0.5232
P115HAU275	0.2376	0.0000	0.0000	0.0260	0.7364
P115HAU270	0.2308	0.0000	0.0000	0.0310	0.7382
P115HAU279	0.7556	0.0000	0.0000	0.0010	0.2434
P115HAU277	0.7538	0.0000	0.0000	0.0000	0.2462
P115HAU278	0.6938	0.0000	0.0000	0.0000	0.3062
P115HAU280	0.6990	0.0000	0.0000	0.0000	0.3010
P115HAU165	0.6480	0.0000	0.0000	0.0000	0.3520
P115HAU119	0.6348	0.0000	0.0070	0.0140	0.3442
P115HAU196	0.5318	0.0000	0.0000	0.0670	0.4012
P115HAU112	0.5354	0.0000	0.0000	0.0580	0.4065
P115HAU181	0.7588	0.0000	0.0000	0.0000	0.2412
P115HAU105	0.8058	0.0000	0.0000	0.0000	0.1942
P113JinM33	0.9128	0.0000	0.0000	0.0000	0.0872
P111Cok312	0.7776	0.0000	0.0000	0.0000	0.2224
B11SA3403	0.8838	0.0000	0.0000	0.0000	0.1162
B11SA3360	0.8398	0.0000	0.0000	0.0000	0.1602
P112Cok315	0.8618	0.0000	0.0000	0.0000	0.1382
B11SA1184	0.8158	0.0000	0.0000	0.0000	0.1842
B11SA2374	0.7830	0.0000	0.0000	0.0000	0.2170
B11DIV230	0.5568	0.0130	0.0080	0.0000	0.4222
P115HAU274	0.8258	0.0000	0.0000	0.0000	0.1742
B11DIV079	0.7338	0.0000	0.0000	0.0000	0.2662
P115HU018	0.7930	0.0000	0.0000	0.0000	0.2070
P115HAU163	0.9478	0.0000	0.0000	0.0000	0.0522
P115HAU106	0.9902	0.0000	0.0000	0.0000	0.0098
P115HAU113	0.8130	0.0000	0.0000	0.0000	0.1870
P117ST2B	0.8092	0.0000	0.0000	0.0000	0.1908
B11DIV141	0.7168	0.0000	0.0000	0.0000	0.2832
B11DIV074	0.5590	0.0000	0.0000	0.0000	0.4410
B11DIV298	0.4107	0.0000	0.0592	0.0106	0.5195
B11SA0965	0.6238	0.0000	0.0000	0.0000	0.3762
B11SA1533	0.5594	0.0000	0.0000	0.0090	0.4317
B11SA1427	0.6220	0.0000	0.0000	0.0000	0.3780
B11SA1428	0.6259	0.0000	0.0020	0.0008	0.3713
B11SA0881	0.5308	0.0000	0.0000	0.0000	0.4692
B11SA1111	0.4106	0.0000	0.0000	0.0000	0.5894
B11SA0940	0.5158	0.0000	0.0000	0.0000	0.4842
B11SA1156	0.7412	0.0000	0.0000	0.0000	0.2588
P115HAU079	0.8690	0.0000	0.0000	0.0000	0.1310
P115HAU044	0.6438	0.0000	0.0000	0.0000	0.3562
P115HAU043	0.6430	0.0000	0.0000	0.0000	0.3570
B11SA1759	0.5221	0.0000	0.0100	0.0000	0.4679
B11SA3444	0.5148	0.0000	0.0090	0.0380	0.4382
P111PD1	0.5706	0.0000	0.0000	0.0040	0.4254
B11DIV255	0.3527	0.0000	0.0030	0.0070	0.6373
B11DIV256	0.5598	0.0000	0.0000	0.0000	0.4402
B11DIV263	0.6997	0.0000	0.0000	0.0000	0.3003
B11DIV273	0.6440	0.0000	0.0000	0.0000	0.3560
B11DIV269	0.6266	0.0000	0.0000	0.0000	0.3734
B11SA2260	0.6098	0.0000	0.0030	0.0000	0.3872
B11SA1665	0.5618	0.0000	0.0000	0.0000	0.4382
B11SA3778	0.5759	0.0000	0.0000	0.0000	0.4241
B11SA1596	0.4088	0.0000	0.0000	0.0000	0.5912
B11DIV134	0.3318	0.0000	0.0000	0.0000	0.6682
B11DIV249	0.3668	0.0000	0.0000	0.0000	0.6332
B11DIV002	0.3516	0.0000	0.0000	0.0000	0.6484
B11DIV382	0.5088	0.0000	0.0000	0.0000	0.4912
B11SA0582	0.3395	0.0000	0.0180	0.0190	0.6236
B11DIV310	0.2899	0.0010	0.0088	0.0000	0.7003
B11DIV184	0.2996	0.0000	0.0000	0.0000	0.7004
B11DIV305	0.3429	0.0000	0.0060	0.0000	0.6511
B11DIV136	0.5701	0.0000	0.0000	0.0180	0.4119
P114SA0592	0.4402	0.0000	0.0080	0.0000	0.5518
B11SA1212	0.5788	0.0000	0.0000	0.0000	0.4212
P115HAU085	0.7468	0.0000	0.0000	0.0000	0.2532
B11DIV138	0.7186	0.0000	0.0000	0.0000	0.2814
B11DIV046	0.4382	0.0000	0.0250	0.0122	0.5246
B11SA1349	0.4206	0.0000	0.0040	0.0000	0.5754
B11SA3413	0.4078	0.0000	0.0430	0.0700	0.4792
B11SA3493	0.6338	0.0000	0.0100	0.0000	0.3562
B11SA3477	0.6250	0.0000	0.0000	0.0000	0.3750
B11SA2375	0.4757	0.0010	0.0080	0.0000	0.5153
B11SA1710	0.5502	0.0000	0.0000	0.0689	0.3808
B11DIV211	0.5408	0.0000	0.0000	0.0760	0.3832
B11SA1694	0.5936	0.0000	0.0820	0.0000	0.3244
B11SA2606	0.3856	0.0310	0.1410	0.0622	0.3802
B11DIV206	0.5034	0.0000	0.0080	0.0000	0.4886
B11DIV351	0.5763	0.0010	0.0000	0.0000	0.4227
B11DIV347	0.5727	0.0000	0.0000	0.0000	0.4273
B11DIV066	0.6088	0.0000	0.0050	0.0000	0.3862
B11DIV063	0.5306	0.0000	0.0000	0.0000	0.4694
B11DIV319	0.6375	0.0000	0.0050	0.0000	0.3575
P111TamSph	0.6226	0.0000	0.0050	0.0000	0.3724
P112TP	0.6830	0.0000	0.0050	0.0000	0.3120
B11SA3777	0.5037	0.0000	0.0000	0.0000	0.4963
B11SA2057	0.3257	0.0008	0.0040	0.0000	0.6695
B11SA0298	0.3430	0.0000	0.0000	0.0000	0.6570
P115HAU276	0.6580	0.0000	0.0000	0.0180	0.3240
P115HAU273	0.6303	0.0000	0.0000	0.0090	0.3607
B11DIV272	0.5144	0.0000	0.0000	0.0310	0.4546
B11DIV040	0.3550	0.0000	0.0000	0.0420	0.6030
B11SA0718	0.3348	0.0000	0.0000	0.0500	0.6152
B11SA1424	0.3695	0.0000	0.0000	0.0460	0.5845
P115HAU110	0.4206	0.0000	0.0000	0.0270	0.5524
B11DIV322	0.3096	0.0000	0.0000	0.0250	0.6655
P115HAU208	0.3437	0.0000	0.0000	0.0572	0.5991
B11SA0815	0.3129	0.0000	0.0000	0.0720	0.6151
B11DIV373	0.4918	0.0000	0.0000	0.0000	0.5082
B11SA1019	0.2496	0.0000	0.0000	0.0000	0.7504
B11DIV209	0.3788	0.0000	0.0000	0.0000	0.6212
B11DIV048	0.5409	0.0000	0.0000	0.0900	0.3691
P116D531C	0.6929	0.0000	0.0000	0.0050	0.3021
B11SA1703	0.4886	0.0000	0.0000	0.0890	0.4224
B11DIV199	0.5289	0.0000	0.0070	0.0000	0.4641
B11DIV289	0.5818	0.0000	0.0000	0.0000	0.4182
B11SA1044	0.6028	0.0000	0.0000	0.0260	0.3712
B11SA1006	0.5112	0.0000	0.0000	0.0260	0.4628
B11SA0369	0.4620	0.0000	0.0000	0.0000	0.5380
B11DIV030	0.4078	0.0000	0.0160	0.0000	0.5762
B11DIV033	0.2698	0.0000	0.0210	0.0000	0.7092
B11DIV364	0.2559	0.0000	0.0210	0.0000	0.7231
B11DIV264	0.2800	0.0000	0.0200	0.0000	0.7000
B11DIV232	0.7670	0.0000	0.0000	0.0000	0.2330
B11SA0892	0.8050	0.0000	0.0000	0.0000	0.1950
P116DixieK	0.7470	0.0000	0.0000	0.0070	0.2460
P115HU213	0.9330	0.0000	0.0000	0.0000	0.0670
P115HAU137	0.5300	0.0000	0.0000	0.0000	0.4700
P115HAU090	0.4318	0.0000	0.0000	0.0000	0.5682
B11SA0311	0.4660	0.0000	0.0000	0.0000	0.5340
B11DIV243	0.3308	0.0000	0.0000	0.0070	0.6622
B11DIV169	0.2756	0.0000	0.0000	0.0000	0.7244
B11DIV119	0.5518	0.0000	0.0000	0.0000	0.4482
P111HS26	0.4246	0.0000	0.0000	0.0000	0.5754
P114SA3783	0.5368	0.0000	0.0000	0.0000	0.4632
B11DIV245	0.4702	0.0000	0.0010	0.0000	0.5288
B11SA2895	0.2866	0.0000	0.0070	0.0000	0.7064
B11SA3340	0.2446	0.0000	0.0000	0.0008	0.7546
B11DIV237	0.2310	0.0000	0.0000	0.0000	0.7690
B11SA1139	0.1720	0.0000	0.0000	0.0280	0.8000
B11SA2580	0.2688	0.0000	0.0000	0.0000	0.7312
B11DIV055	0.3886	0.0120	0.0490	0.0000	0.5504
B11DIV246	0.3700	0.0000	0.0000	0.0000	0.6300
B11DIV316	0.5138	0.0000	0.0060	0.0000	0.4802
B11DIV096	0.3588	0.0000	0.0000	0.0310	0.6102
B11DIV296	0.2088	0.0000	0.0000	0.0000	0.7912
B11SA1181	0.3270	0.0000	0.0000	0.0000	0.6730
B11DIV007	0.2088	0.0000	0.0000	0.0000	0.7912
B11SA3193	0.3076	0.0000	0.0000	0.0000	0.6924
B11DIV226	0.2334	0.0000	0.0000	0.0000	0.7666
P111Maxxa	0.3426	0.0000	0.0000	0.0000	0.6574
B11DIV059	0.3078	0.0000	0.0000	0.0000	0.6922
P112AU	0.4330	0.0000	0.0000	0.0000	0.5670
B11DIV380	0.2628	0.0000	0.0000	0.0000	0.7372
B11SA3781	0.2634	0.0000	0.0000	0.0000	0.7366
B11SA1913	0.2456	0.0000	0.0000	0.0000	0.7544
B11SA1845	0.2660	0.0390	0.1521	0.0000	0.5428
B11SA2330	0.3668	0.0000	0.0010	0.0000	0.6322
B11DIV363	0.1856	0.0000	0.0000	0.0110	0.8034
B11SA3284	0.4370	0.0000	0.0000	0.0000	0.5630
P115HU130	0.2858	0.0000	0.0000	0.0000	0.7142
B11SA3256	0.4207	0.0000	0.0170	0.0000	0.5623
P115HAU223	0.2558	0.0000	0.0000	0.0000	0.7442
P115HAU091	0.3450	0.0000	0.0000	0.0000	0.6550
P115HAU186	0.3698	0.0000	0.0000	0.0000	0.6302
P115HAU224	0.2078	0.0000	0.0000	0.0000	0.7922
P115HU131	0.3330	0.0000	0.0000	0.0000	0.6670
P115HAU254	0.4338	0.0000	0.0000	0.0000	0.5662
P115HAU225	0.1668	0.0000	0.0000	0.0000	0.8332
P115HAU179	0.2398	0.0000	0.0000	0.0000	0.7602
P115HAU212	0.2008	0.0000	0.0000	0.0000	0.7992
P115HAU202	0.1690	0.0000	0.0000	0.0000	0.8310
P115HAU116	0.1428	0.0000	0.0000	0.0070	0.8502
P115HAU039	0.2494	0.0000	0.0000	0.0300	0.7206
P115HAU034	0.3076	0.0000	0.0000	0.0000	0.6924
P115HAU037	0.4824	0.0000	0.0050	0.0222	0.4904
P115HAU040	0.1847	0.0000	0.0000	0.0200	0.7954
P115HAU017	0.4028	0.0000	0.0000	0.0000	0.5972
P115HAU264	0.4967	0.0000	0.0000	0.0130	0.4903
P115HAU263	0.5058	0.0000	0.0000	0.0010	0.4932
P115HAU231	0.4680	0.0000	0.0000	0.0000	0.5320
B11SA3452	0.1106	0.0000	0.0250	0.0642	0.8002
B11SA1403	0.1718	0.0000	0.0000	0.0000	0.8282
B11SA1406	0.1096	0.0000	0.0000	0.0000	0.8904
B11SA3390	0.0008	0.0000	0.2470	0.0772	0.6750
B11SA1392	0.0776	0.0000	0.0000	0.0000	0.9224
B11DIV355	0.0726	0.0000	0.0000	0.0000	0.9274
P117XLZ42	0.2540	0.0000	0.0000	0.0300	0.7160
P115HAU258	0.3275	0.0000	0.0000	0.0010	0.6715
P115HAU257	0.2998	0.0000	0.0000	0.0000	0.7002
P115HAU228	0.3968	0.0000	0.0000	0.0000	0.6032
P115HAU229	0.3346	0.0000	0.0000	0.0000	0.6654
P115HAU033	0.1322	0.0000	0.0000	0.0240	0.8438
P115HAU251	0.1445	0.0000	0.0000	0.0270	0.8285
P115HAU203	0.6673	0.0010	0.0000	0.0000	0.3317
B11SA3338	0.5338	0.0010	0.0000	0.0110	0.4542
P115HAU098	0.4206	0.0000	0.0000	0.0000	0.5794
P115HAU169	0.6548	0.0000	0.0000	0.0000	0.3452
P113Zh9807	0.6708	0.0000	0.0000	0.0000	0.3292
P115HAU097	0.5948	0.0000	0.0000	0.0000	0.4052
P115HAU093	0.6618	0.0000	0.0000	0.0000	0.3382
P113Zh9612	0.8408	0.0000	0.0000	0.0000	0.1592
P113CRI12	0.8432	0.0000	0.0000	0.0000	0.1568
P115HAU074	0.5049	0.0000	0.0000	0.0000	0.4951
P115HAU167	0.3838	0.0000	0.0000	0.0000	0.6162
P115HAU012	0.2708	0.0000	0.0000	0.0160	0.7132
P115HAU132	0.3106	0.0000	0.0000	0.0000	0.6894
P115HAU171	0.2418	0.0000	0.0000	0.0000	0.7582
P115HAU182	0.2486	0.0000	0.0000	0.0000	0.7514
P115HAU168	0.3678	0.0000	0.0000	0.0000	0.6322
P115HAU157	0.7150	0.0000	0.0000	0.0000	0.2850
P115HAU206	0.7650	0.0000	0.0000	0.0000	0.2350
P115HAU252	0.8088	0.0000	0.0000	0.0000	0.1912
P115HAU007	0.6525	0.0000	0.0000	0.0210	0.3265
P115HAU094	0.7488	0.0000	0.0000	0.0000	0.2512
P115HAU175	0.8420	0.0000	0.0000	0.0000	0.1580
P115HAU170	0.6348	0.0000	0.0000	0.0000	0.3652
P115HAU245	0.7358	0.0000	0.0000	0.0000	0.2642
P115HAU204	0.6155	0.0000	0.0000	0.0000	0.3845
P115HAU025	0.7300	0.0000	0.0000	0.0100	0.2600
P115HAU232	0.7820	0.0000	0.0180	0.0000	0.2000
P115HAU262	0.5663	0.0000	0.0070	0.0002	0.4265
P115HAU266	0.6407	0.0000	0.0030	0.0010	0.3553
P115HAU156	0.5580	0.0000	0.0000	0.0000	0.4420
P115HAU013	0.5248	0.0000	0.0000	0.0000	0.4752
P115HAU135	0.3934	0.0000	0.0000	0.0000	0.6066
P115HAU011	0.6190	0.0000	0.0000	0.0000	0.3810
P115HAU173	0.6330	0.0000	0.0000	0.0000	0.3670
P115HAU227	0.6180	0.0000	0.0000	0.0000	0.3820
B11SA1420	0.5388	0.0000	0.0000	0.0000	0.4612
P115HAU255	0.3888	0.0000	0.0000	0.0000	0.6112
P115HAU183	0.5090	0.0000	0.0000	0.0000	0.4910
P115HAU014	0.4748	0.0000	0.0000	0.0000	0.5252
P115HAU184	0.4708	0.0000	0.0000	0.0000	0.5292
P115HAU127	0.8848	0.0000	0.0000	0.0000	0.1152
P115HAU016	0.8410	0.0000	0.0000	0.0000	0.1590
P115HAU128	0.8690	0.0000	0.0000	0.0000	0.1310
P115HAU172	0.8828	0.0000	0.0000	0.0000	0.1172
P115HAU247	0.9038	0.0000	0.0000	0.0000	0.0962
P115HAU240	0.7488	0.0000	0.0000	0.0060	0.2452
P115HAU249	0.8341	0.0000	0.0000	0.0060	0.1599
P115HAU036	0.6400	0.0000	0.0010	0.0018	0.3572
P115HAU032	0.6758	0.0000	0.0000	0.0000	0.3242
P115HAU226	0.7498	0.0000	0.0000	0.0000	0.2502
P115HAU242	0.6942	0.0000	0.0000	0.0010	0.3048
P115HAU092	0.8788	0.0000	0.0000	0.0000	0.1212
P115HAU009	0.6775	0.0000	0.0000	0.0490	0.2734
P115HAU253	0.7918	0.0000	0.0000	0.0000	0.2082
P115HAU261	0.6388	0.0000	0.0010	0.0000	0.3602
P115HAU100	0.8740	0.0000	0.0000	0.0000	0.1260
P115HAU099	0.8610	0.0000	0.0000	0.0000	0.1390
P115HAU246	0.7348	0.0000	0.0000	0.0000	0.2652
P115HAU189	0.6688	0.0000	0.0000	0.0000	0.3312
P115HAU210	0.7696	0.0000	0.0000	0.0000	0.2304
P115HAU207	0.7428	0.0000	0.0000	0.0000	0.2572
P115HAU174	0.7446	0.0000	0.0000	0.0000	0.2554
P115HAU056	0.7118	0.0000	0.0000	0.0000	0.2882
P115HAU151	0.6598	0.0000	0.0000	0.0100	0.3302
P115HAU142	0.6812	0.0000	0.0000	0.0040	0.3148
P115HAU125	0.8420	0.0000	0.0000	0.0000	0.1580
P115HAU216	0.7960	0.0000	0.0000	0.0000	0.2040
P113CRI35	0.7938	0.0000	0.0090	0.0000	0.1972
P113XY9648	0.7262	0.0000	0.0030	0.0000	0.2708
P113KHW164	0.6720	0.0000	0.0060	0.0000	0.3220
P115HAU234	0.9310	0.0000	0.0000	0.0000	0.0690
P115HAU235	0.8158	0.0000	0.0000	0.0000	0.1842
P115HAU205	0.9698	0.0000	0.0000	0.0000	0.0302
P115HAU002	0.7656	0.0000	0.0000	0.0000	0.2344
P115HAU019	0.6026	0.0000	0.0000	0.0000	0.3974
P115HAU102	0.5560	0.0000	0.0000	0.0000	0.4440
P115HAU115	0.8417	0.0000	0.0000	0.0050	0.1533
P117SiM2	0.8758	0.0000	0.0000	0.0000	0.1242
P115HAU069	0.8808	0.0000	0.0000	0.0000	0.1192
P115HAU215	0.9320	0.0000	0.0000	0.0000	0.0680
P115HAU139	0.9882	0.0000	0.0000	0.0000	0.0118
P115HAU051	0.8238	0.0000	0.0000	0.0000	0.1762
P115HAU160	0.8840	0.0000	0.0000	0.0000	0.1160
P115HAU211	0.8800	0.0000	0.0000	0.0000	0.1200
P115HAU239	0.8888	0.0000	0.0000	0.0000	0.1112
B11SA1419	0.5488	0.0000	0.0000	0.0000	0.4512
P115HAU073	0.9410	0.0000	0.0000	0.0000	0.0590
P115HAU220	0.8886	0.0000	0.0000	0.0000	0.1114
P115HAU022	0.9870	0.0000	0.0000	0.0000	0.0130
P115HAU063	1.0000	0.0000	0.0000	0.0000	0.0000
P115HAU084	1.0000	0.0000	0.0000	0.0000	0.0000
P115HAU243	0.9990	0.0000	0.0000	0.0000	0.0010
P113JinM20	0.9540	0.0000	0.0000	0.0000	0.0460
P115HAU065	0.8350	0.0000	0.0000	0.0000	0.1650
P115HAU200	0.8900	0.0000	0.0000	0.0000	0.1100
P115HAU107	0.8868	0.0000	0.0000	0.0000	0.1132
P115HAU029	0.9370	0.0000	0.0000	0.0000	0.0630
P117CIR12	1.0000	0.0000	0.0000	0.0000	0.0000
P115HAU066	0.9770	0.0000	0.0000	0.0000	0.0230
P115HAU190	1.0000	0.0000	0.0000	0.0000	0.0000
P115HAU030	0.9970	0.0000	0.0000	0.0000	0.0030
P113YuM11	1.0000	0.0000	0.0000	0.0000	0.0000
P115HAU006	0.9598	0.0000	0.0040	0.0000	0.0362
P115HAU005	0.9620	0.0000	0.0040	0.0000	0.0340
P117SY321	1.0000	0.0000	0.0000	0.0000	0.0000
P115HAU122	1.0000	0.0000	0.0000	0.0000	0.0000
P115HAU188	0.9810	0.0000	0.0000	0.0000	0.0190
P115HAU194	1.0000	0.0000	0.0000	0.0000	0.0000
P115HAU250	0.9308	0.0000	0.0000	0.0000	0.0692
P113Zh571	0.9530	0.0000	0.0010	0.0000	0.0460
P115HAU087	1.0000	0.0000	0.0000	0.0000	0.0000
P115HAU020	1.0000	0.0000	0.0000	0.0000	0.0000
P115HAU214	0.9848	0.0000	0.0020	0.0000	0.0132
P115HAU001	0.9070	0.0000	0.0000	0.0000	0.0930
P115HAU101	0.9258	0.0000	0.0000	0.0000	0.0742
P115HAU129	0.9130	0.0000	0.0000	0.0000	0.0870
P117C86	0.9568	0.0000	0.0000	0.0000	0.0432
P115HAU064	0.9388	0.0000	0.0000	0.0000	0.0612
P115HAU082	0.9420	0.0000	0.0000	0.0000	0.0580
P115HU268	1.0000	0.0000	0.0000	0.0000	0.0000
P115HAU269	0.9890	0.0000	0.0000	0.0000	0.0110
P115HAU059	1.0000	0.0000	0.0000	0.0000	0.0000
P115HAU060	1.0000	0.0000	0.0000	0.0000	0.0000
P115HAU237	1.0000	0.0000	0.0000	0.0000	0.0000
P115HAU114	0.7470	0.0000	0.0000	0.0180	0.2350
P115HAU061	0.8740	0.0000	0.0000	0.0000	0.1260
P115HAU095	1.0000	0.0000	0.0000	0.0000	0.0000
P115HAU222	0.9922	0.0000	0.0000	0.0030	0.0048
P115HAU209	0.9740	0.0000	0.0000	0.0000	0.0260
P115HAU244	0.9170	0.0000	0.0000	0.0000	0.0830
P115HAU241	0.9520	0.0000	0.0000	0.0000	0.0480
P115HAU015	0.9350	0.0000	0.0000	0.0000	0.0650
P115HAU021	0.9670	0.0000	0.0000	0.0000	0.0330
P117JunM1	1.0000	0.0000	0.0000	0.0000	0.0000
P115HAU057	0.9858	0.0000	0.0000	0.0000	0.0142
P115HAU138	0.9058	0.0000	0.0000	0.0000	0.0942
P115HAU147	0.9020	0.0000	0.0000	0.0000	0.0980
P115HAU088	0.9560	0.0000	0.0000	0.0000	0.0440
P115HAU078	0.9598	0.0000	0.0020	0.0010	0.0372
P115HAU198	0.9238	0.0000	0.0000	0.0000	0.0762
P115HAU149	0.8208	0.0000	0.0000	0.0080	0.1712
P117DP15	1.0000	0.0000	0.0000	0.0000	0.0000
P115HAU197	0.7419	0.0000	0.0000	0.0110	0.2472
P115HAU267	0.8958	0.0000	0.0000	0.0000	0.1042
B11SA0300	1.0000	0.0000	0.0000	0.0000	0.0000
B11DIV106	1.0000	0.0000	0.0000	0.0000	0.0000
P115HAU081	1.0000	0.0000	0.0000	0.0000	0.0000
P115HAU161	0.9347	0.0000	0.0022	0.0068	0.0562
P115HAU178	0.8228	0.0000	0.0000	0.0000	0.1772
P115HAU041	0.9818	0.0000	0.0000	0.0000	0.0182
P115HAU003	0.9028	0.0000	0.0000	0.0000	0.0972
P115HAU221	0.9202	0.0000	0.0000	0.0010	0.0788
P115HAU083	0.8740	0.0010	0.0030	0.0000	0.1220
P115HAU010	0.8610	0.0000	0.0000	0.0000	0.1390
P115HAU058	0.8480	0.0000	0.0000	0.0000	0.1520
P115HAU054	1.0000	0.0000	0.0000	0.0000	0.0000
P115HAU053	1.0000	0.0000	0.0000	0.0000	0.0000
P117J8891	1.0000	0.0000	0.0000	0.0000	0.0000
P117SiM3	0.8727	0.0000	0.0000	0.0000	0.1273
P115HAU008	0.9498	0.0000	0.0000	0.0000	0.0502
P115HAU052	0.9300	0.0000	0.0000	0.0000	0.0700
P115HAU055	0.9418	0.0000	0.0000	0.0000	0.0582
P115HAU046	0.9018	0.0000	0.0000	0.0000	0.0982
P115HAU045	0.8578	0.0000	0.0000	0.0000	0.1422
P115HAU048	0.7938	0.0000	0.0000	0.0000	0.2062
P115HAU260	0.9180	0.0000	0.0000	0.0000	0.0820
P115HAU199	1.0000	0.0000	0.0000	0.0000	0.0000
B11SA3348	0.9208	0.0000	0.0000	0.0000	0.0792
B11SA2269	0.6300	0.0040	0.0100	0.0022	0.3538
P114TM1	1.0000	0.0000	0.0000	0.0000	0.0000
P111TM1	1.0000	0.0000	0.0000	0.0000	0.0000
P115HAU148	0.8798	0.0000	0.0000	0.0000	0.1202
P115HAU140	0.8730	0.0000	0.0000	0.0000	0.1270
P115HAU145	0.8158	0.0000	0.0000	0.0042	0.1800
P115HAU154	0.8520	0.0000	0.0000	0.0030	0.1450
P115HAU146	0.9318	0.0000	0.0000	0.0000	0.0682
P115HAU155	0.9408	0.0000	0.0000	0.0000	0.0592
P111SL542	0.9510	0.0000	0.0000	0.0000	0.0490
P115HAU027	0.7688	0.0000	0.0000	0.0000	0.2312
P115HAU050	0.9300	0.0000	0.0020	0.0000	0.0680
P115HAU077	0.9008	0.0000	0.0000	0.0000	0.0992
P115HAU120	0.7132	0.0000	0.0000	0.0110	0.2758
P115HAU038	0.6948	0.0000	0.0000	0.0100	0.2952
P115HAU068	0.8988	0.0000	0.0000	0.0000	0.1012
B11DIV195	0.8896	0.0010	0.0012	0.0070	0.1012
P111240RNR	0.7878	0.0000	0.0230	0.0000	0.1892
B11SA2401	0.6703	0.0000	0.0120	0.0000	0.3177
P115HU141	0.7448	0.0000	0.0000	0.0000	0.2552
P113XT6871	0.9580	0.0000	0.0000	0.0000	0.0420
P115HAU150	0.8700	0.0000	0.0000	0.0000	0.1300
P115HAU062	0.9530	0.0000	0.0000	0.0000	0.0470
P115HAU236	0.9548	0.0000	0.0000	0.0000	0.0452
B11SA1412	0.8550	0.0000	0.0000	0.0000	0.1450
P117CIR7	0.9030	0.0000	0.0000	0.0000	0.0970
B11DIV260	0.8100	0.0000	0.0000	0.0000	0.1900
P111FM832	0.7622	0.0000	0.0040	0.0000	0.2338
B11SA1330	0.7319	0.0000	0.0040	0.0142	0.2500
P115HAU075	0.8318	0.0000	0.0000	0.0000	0.1682
P115HAU024	0.8550	0.0000	0.0000	0.0000	0.1450
P113JiM11	0.8478	0.0000	0.0030	0.0000	0.1492
P115HAU238	0.9880	0.0000	0.0000	0.0000	0.0120
P116SuM12	0.9920	0.0000	0.0000	0.0000	0.0080
P113YM2067	0.9610	0.0000	0.0000	0.0000	0.0390
P115HAU067	0.9388	0.0000	0.0000	0.0000	0.0612
P113CM47	0.9360	0.0000	0.0000	0.0000	0.0640
P115HAU004	0.9420	0.0000	0.0000	0.0000	0.0580
P115HAU031	0.9020	0.0000	0.0000	0.0000	0.0980
P115HAU177	0.9610	0.0000	0.0000	0.0000	0.0390
P115HAU109	0.9936	0.0000	0.0000	0.0000	0.0064
P115HAU080	0.9810	0.0000	0.0000	0.0000	0.0190
B11SA2149	0.5142	0.0000	0.0000	0.1982	0.2876
P115HAU191	0.9530	0.0000	0.0000	0.0000	0.0470
P115HAU193	0.9672	0.0000	0.0000	0.0000	0.0328
P115HAU195	1.0000	0.0000	0.0000	0.0000	0.0000
P115HAU256	0.9400	0.0000	0.0000	0.0000	0.0600
P115HAU111	0.9380	0.0000	0.0000	0.0050	0.0570
P115HAU028	0.8588	0.0000	0.0000	0.0000	0.1412
P113LuM378	0.9730	0.0000	0.0000	0.0000	0.0270
P113ShuoM3	0.9918	0.0000	0.0000	0.0000	0.0082
P115HAU192	1.0000	0.0000	0.0000	0.0000	0.0000
P115HAU042	0.9620	0.0000	0.0000	0.0000	0.0380
P115HAU086	0.9630	0.0000	0.0000	0.0000	0.0370
P115HAU049	0.9108	0.0000	0.0000	0.0000	0.0892
P115HAU219	0.9570	0.0000	0.0000	0.0000	0.0430
P115HAU136	0.9330	0.0000	0.0000	0.0000	0.0670
P112DP90	0.8928	0.0000	0.0000	0.0000	0.1072
B11SA2192	0.6411	0.0000	0.0340	0.1110	0.2138
P111DP5690	0.6783	0.0000	0.0010	0.0018	0.3189
P115HAU103	0.9560	0.0000	0.0000	0.0000	0.0440
P115HAU026	0.9170	0.0000	0.0000	0.0000	0.0830
P115HAU265	0.9448	0.0000	0.0000	0.0000	0.0552
P115HAU281	0.9048	0.0000	0.0000	0.0000	0.0952
P113GK50	0.8887	0.0000	0.0000	0.0022	0.1091
P115HAU153	0.8300	0.0000	0.0000	0.0000	0.1700
P115HAU144	0.8558	0.0000	0.0000	0.0000	0.1442
P113ZhZhM2	1.0000	0.0000	0.0000	0.0000	0.0000
P115HAU187	1.0000	0.0000	0.0000	0.0000	0.0000
P115HAU259	1.0000	0.0000	0.0000	0.0000	0.0000
P115HAU096	1.0000	0.0000	0.0000	0.0000	0.0000
P115HU089	1.0000	0.0000	0.0000	0.0000	0.0000
P115HAU201	0.9990	0.0000	0.0000	0.0000	0.0010
P115HAU158	1.0000	0.0000	0.0000	0.0000	0.0000
P115HAU143	0.8468	0.0000	0.0000	0.0000	0.1532
P115HAU152	0.8268	0.0000	0.0000	0.0000	0.1732
P115HAU118	0.9270	0.0000	0.0000	0.0000	0.0730
P115HAU035	0.9438	0.0000	0.0000	0.0000	0.0562
P115HAU076	0.9430	0.0000	0.0000	0.0000	0.0570
P115HAU134	0.9870	0.0000	0.0000	0.0000	0.0130
P115HAU272	0.9140	0.0000	0.0000	0.0000	0.0860
P113LuMY16	0.9480	0.0000	0.0000	0.0000	0.0520
P115HAU108	0.9290	0.0000	0.0000	0.0000	0.0710
B11DIV176	0.8867	0.0000	0.0000	0.0000	0.1133
B11DIV144	0.8710	0.0000	0.0000	0.0000	0.1290
P112FM966	0.8228	0.0000	0.0000	0.0000	0.1772
B11DIV307	0.6825	0.0000	0.0050	0.0000	0.3124
B11SA1604	0.6834	0.0002	0.0010	0.0180	0.2974
B11DIV042	0.7988	0.0000	0.0040	0.0000	0.1972
B11SA1465	0.9410	0.0000	0.0000	0.0000	0.0590
P115HAU023	0.9020	0.0000	0.0000	0.0000	0.0980
B11SA2910	0.5770	0.0000	0.0000	0.0260	0.3970
B11SA3137	0.7998	0.0000	0.0000	0.0000	0.2002
P116Cok139	0.8660	0.0000	0.0000	0.0000	0.1340
P114SA1466	0.8000	0.0000	0.0000	0.0000	0.2000
P112PSC355	0.7946	0.0000	0.0000	0.0000	0.2054
P115HAU218	0.8458	0.0020	0.0000	0.0000	0.1522
P111SG747	0.8948	0.0000	0.0000	0.0000	0.1052
P115HU117	0.9822	0.0000	0.0000	0.0000	0.0178
P111ST474	0.9350	0.0000	0.0000	0.0000	0.0650
B11SA3749	0.9180	0.0000	0.0000	0.0000	0.0820
B11SA3748	0.9920	0.0000	0.0000	0.0000	0.0080
P112ST825	1.0000	0.0000	0.0000	0.0000	0.0000
