P404AD4-8	0.0000	0.0000	0.0000	0.0000	0.0000	1.0000	0.0000
B40AD4-10	0.0009	0.0000	0.0000	0.0000	0.0006	0.9961	0.0024
B40AD4-W	0.0000	0.0000	0.0000	0.0000	0.0000	1.0000	0.0000
P401AD4	0.0000	0.0000	0.0000	0.0000	0.0000	1.0000	0.0000
B40AD4-16	0.0000	0.0000	0.0000	0.0000	0.0000	1.0000	0.0000
B12BPS1244	0.0000	0.1320	0.0000	0.0000	0.0000	0.8680	0.0000
B12BPS1247	0.0000	0.0840	0.0474	0.0156	0.0000	0.8530	0.0000
B12TX2276	0.0000	0.0180	0.1030	0.0436	0.0050	0.8304	0.0000
B12TX2091	0.0000	0.0000	0.1629	0.0000	0.0000	0.8371	0.0000
B12TX2090	0.0000	0.0000	0.1460	0.0000	0.0000	0.8540	0.0000
B12TX2093	0.0000	0.0040	0.1857	0.0041	0.0000	0.8061	0.0000
B12TX2092	0.0000	0.0000	0.1981	0.0003	0.0000	0.8016	0.0000
B12TX1996	0.0000	0.0000	0.2440	0.0220	0.0004	0.7335	0.0000
B12TX2095	0.0000	0.0000	0.2104	0.0000	0.0000	0.7896	0.0000
P121TX2094	0.0479	0.0000	0.0849	0.3454	0.0894	0.4250	0.0074
P124TX2094	0.0000	0.0000	0.1870	0.0000	0.0000	0.8130	0.0000
B12TX1678	0.0000	0.0004	0.0000	0.0000	0.0000	0.9996	0.0000
B12BPS1173	0.0000	0.0787	0.0000	0.0000	0.0000	0.9213	0.0000
B12TX0969	0.0000	0.2760	0.0000	0.0000	0.0000	0.7240	0.0000
B12TX0967	0.0000	0.3000	0.0000	0.0000	0.0000	0.7000	0.0000
B12TX1894	0.0033	0.0210	0.0000	0.0000	0.0000	0.9717	0.0040
B12TX1037	0.0000	0.0000	0.0000	0.0000	0.0000	1.0000	0.0000
B12LKSP	0.0000	0.0000	0.0000	0.0000	0.0000	1.0000	0.0000
B12BPS1206	0.0000	0.0000	0.0000	0.0000	0.0000	1.0000	0.0000
B12TX2211	0.0036	0.0000	0.0000	0.0000	0.0000	0.9933	0.0031
B12BPS1152	0.0000	0.0000	0.0000	0.0000	0.0000	1.0000	0.0000
B12BPS1148	0.0000	0.0000	0.0000	0.0000	0.0000	1.0000	0.0000
B12BPS1151	0.0000	0.0000	0.0000	0.0000	0.0000	1.0000	0.0000
B12BPS1149	0.0000	0.0000	0.0000	0.0000	0.0000	1.0000	0.0000
B12BPS1242	0.0089	0.2113	0.1887	0.1157	0.1344	0.3194	0.0217
B12BPS1238	0.0000	0.6500	0.0180	0.0000	0.0000	0.3320	0.0000
B12BPS1239	0.0000	0.7090	0.0000	0.0000	0.0000	0.2910	0.0000
B12BPS1240	0.0000	0.5877	0.0000	0.0000	0.0000	0.4123	0.0000
B12TX2495	0.0317	0.5285	0.0430	0.0200	0.2365	0.0109	0.1295
B12TX2465	0.0562	0.6111	0.0403	0.0159	0.1635	0.0459	0.0673
B12TX2487	0.0153	0.7392	0.0353	0.0000	0.1127	0.0540	0.0434
B12TX2463	0.0284	0.7817	0.0257	0.0021	0.0691	0.0658	0.0271
B12TX2470	0.0001	0.8083	0.0296	0.0013	0.0700	0.0506	0.0400
B12TX2475	0.0410	0.7479	0.0543	0.0290	0.0676	0.0563	0.0040
B12TX2482	0.0333	0.7549	0.0457	0.0369	0.0264	0.0564	0.0464
B12TX2415	0.0000	0.8281	0.0349	0.0071	0.0013	0.0730	0.0556
B12TX2489	0.0442	0.8352	0.0250	0.0003	0.0213	0.0740	0.0000
B12TX1416	0.0333	0.8186	0.0550	0.0043	0.0338	0.0550	0.0000
B12TX2417	0.0401	0.8029	0.0537	0.0104	0.0523	0.0374	0.0031
B12TX1698	0.0067	0.8688	0.0318	0.0263	0.0000	0.0611	0.0053
B12TX1705	0.0006	0.9565	0.0222	0.0077	0.0000	0.0130	0.0000
B12TX0902	0.0000	0.9680	0.0150	0.0000	0.0000	0.0170	0.0000
B12TX1931	0.0000	0.9851	0.0143	0.0000	0.0000	0.0006	0.0000
B12TX1935	0.0000	0.9674	0.0163	0.0003	0.0000	0.0160	0.0000
B12TX1066	0.0000	0.9740	0.0110	0.0000	0.0000	0.0150	0.0000
B12TX1929	0.0000	0.9930	0.0070	0.0000	0.0000	0.0000	0.0000
B12TX1920	0.0000	0.9920	0.0080	0.0000	0.0000	0.0000	0.0000
B12TX0939	0.0000	0.9897	0.0024	0.0004	0.0000	0.0074	0.0000
B12TX1957	0.0000	0.9981	0.0019	0.0000	0.0000	0.0000	0.0000
B12TX1925	0.0000	1.0000	0.0000	0.0000	0.0000	0.0000	0.0000
B12TX1592	0.0000	1.0000	0.0000	0.0000	0.0000	0.0000	0.0000
B12TX0710	0.0007	0.9273	0.0000	0.0720	0.0000	0.0000	0.0000
B12TX0713	0.0000	0.9280	0.0000	0.0720	0.0000	0.0000	0.0000
B12TX0691	0.0000	0.8991	0.0000	0.1009	0.0000	0.0000	0.0000
B12TX0956	0.0000	0.9029	0.0000	0.0971	0.0000	0.0000	0.0000
B12TX0712	0.0000	0.9100	0.0000	0.0900	0.0000	0.0000	0.0000
B12TX1594	0.0000	0.9610	0.0200	0.0000	0.0000	0.0190	0.0000
B12TX1596	0.0782	0.8771	0.0016	0.0116	0.0004	0.0311	0.0000
B12TX1833	0.0000	0.9840	0.0000	0.0000	0.0000	0.0160	0.0000
B12TX1586	0.0083	0.9866	0.0004	0.0000	0.0000	0.0047	0.0000
B12TX1582	0.0000	0.9789	0.0009	0.0000	0.0000	0.0203	0.0000
B12TX1263	0.0000	0.9674	0.0000	0.0000	0.0000	0.0326	0.0000
B12TX1792	0.0007	0.9793	0.0000	0.0000	0.0001	0.0160	0.0039
B12TX1572	0.0000	0.9906	0.0007	0.0000	0.0000	0.0087	0.0000
B12TX2207	0.0000	0.9670	0.0000	0.0000	0.0000	0.0330	0.0000
B12TX2192	0.0000	0.9411	0.0000	0.0000	0.0000	0.0589	0.0000
B12TX2213	0.0000	0.9630	0.0000	0.0000	0.0000	0.0370	0.0000
B12TX2216	0.0041	0.9520	0.0000	0.0011	0.0007	0.0373	0.0047
B12TX1874	0.0000	0.9450	0.0550	0.0000	0.0000	0.0000	0.0000
B12TX2003	0.0000	0.9423	0.0570	0.0007	0.0000	0.0000	0.0000
B12TX0674	0.0000	0.8729	0.1271	0.0000	0.0000	0.0000	0.0000
B12TX1373	0.0000	0.8680	0.1320	0.0000	0.0000	0.0000	0.0000
B12TX1367	0.0000	0.8700	0.1300	0.0000	0.0000	0.0000	0.0000
B12TX1635	0.0000	1.0000	0.0000	0.0000	0.0000	0.0000	0.0000
B12TX1629	0.0047	0.9529	0.0264	0.0000	0.0000	0.0130	0.0030
B12TX1859	0.0000	0.9540	0.0460	0.0000	0.0000	0.0000	0.0000
B12TX1236	0.0000	0.9600	0.0000	0.0000	0.0000	0.0400	0.0000
B12TX1075	0.0000	1.0000	0.0000	0.0000	0.0000	0.0000	0.0000
B12TX2284	0.0009	0.9836	0.0000	0.0000	0.0003	0.0150	0.0003
B12TX1666	0.0000	0.9974	0.0000	0.0026	0.0000	0.0000	0.0000
B12TX1496	0.0000	0.9687	0.0217	0.0071	0.0000	0.0024	0.0000
B12TX1515	0.0140	0.8689	0.0179	0.0254	0.0103	0.0630	0.0006
B12TX1514	0.0137	0.9271	0.0190	0.0004	0.0097	0.0286	0.0014
B12TX1229	0.0000	0.9696	0.0034	0.0000	0.0000	0.0270	0.0000
B12TX2246	0.0000	0.9610	0.0000	0.0080	0.0000	0.0310	0.0000
B12TX2226	0.0000	0.9428	0.0000	0.0000	0.0000	0.0572	0.0000
B12TX1690	0.0000	1.0000	0.0000	0.0000	0.0000	0.0000	0.0000
B12TX1674	0.0017	0.9378	0.0100	0.0177	0.0016	0.0241	0.0070
B12TX1694	0.0000	0.9508	0.0000	0.0000	0.0172	0.0210	0.0110
B12TX1520	0.0000	0.9527	0.0000	0.0000	0.0113	0.0162	0.0199
B12TX1503	0.0000	0.9730	0.0000	0.0000	0.0000	0.0270	0.0000
B12TX1497	0.0000	0.9997	0.0000	0.0000	0.0000	0.0003	0.0000
B12TX1487	0.0000	1.0000	0.0000	0.0000	0.0000	0.0000	0.0000
B12TX1905	0.0000	1.0000	0.0000	0.0000	0.0000	0.0000	0.0000
B12TX1288	0.0000	1.0000	0.0000	0.0000	0.0000	0.0000	0.0000
B12TX1509	0.0000	0.9753	0.0047	0.0000	0.0103	0.0097	0.0000
B12TX1286	0.0000	1.0000	0.0000	0.0000	0.0000	0.0000	0.0000
B12TX1689	0.0000	1.0000	0.0000	0.0000	0.0000	0.0000	0.0000
B12TX0834	0.0000	0.9900	0.0000	0.0000	0.0000	0.0100	0.0000
B12TX1672	0.0000	0.9930	0.0000	0.0000	0.0000	0.0070	0.0000
B12TX1245	0.0000	0.9960	0.0000	0.0000	0.0000	0.0040	0.0000
B12TX2166	0.0000	0.9911	0.0000	0.0009	0.0000	0.0080	0.0000
B12TX2160	0.0000	0.9987	0.0000	0.0000	0.0000	0.0013	0.0000
B12TX1688	0.0000	0.9583	0.0047	0.0000	0.0000	0.0370	0.0000
B12TX1273	0.0000	0.9349	0.0000	0.0000	0.0000	0.0651	0.0000
B12TX2174	0.0017	0.9970	0.0000	0.0000	0.0013	0.0000	0.0000
B12TX0853	0.0000	1.0000	0.0000	0.0000	0.0000	0.0000	0.0000
B12TX1551	0.0000	1.0000	0.0000	0.0000	0.0000	0.0000	0.0000
B12TX2247	0.0000	0.9860	0.0000	0.0000	0.0000	0.0140	0.0000
B12TX1089	0.0000	1.0000	0.0000	0.0000	0.0000	0.0000	0.0000
B12TX2277	0.0000	0.9840	0.0000	0.0000	0.0000	0.0160	0.0000
B12TX1578	0.0000	1.0000	0.0000	0.0000	0.0000	0.0000	0.0000
B12TX1579	0.0000	1.0000	0.0000	0.0000	0.0000	0.0000	0.0000
B12TX2405	0.3333	0.6508	0.0004	0.0000	0.0000	0.0154	0.0000
B12TX1661	0.0752	0.4999	0.0020	0.0000	0.2570	0.0161	0.1497
B12TX1699	0.0031	0.4783	0.1781	0.3082	0.0149	0.0174	0.0000
B12TX1712	0.2642	0.4361	0.0000	0.2492	0.0107	0.0350	0.0049
B12TX2163	0.0356	0.4832	0.0000	0.0031	0.3912	0.0011	0.0857
B12TX1009	0.0000	0.3893	0.0000	0.5383	0.0723	0.0000	0.0000
B12TX1477	0.0001	0.6093	0.0000	0.3467	0.0000	0.0300	0.0139
B12TX2335	0.0000	0.4010	0.0000	0.5990	0.0000	0.0000	0.0000
B12TX2116	0.0000	0.4147	0.0000	0.5847	0.0000	0.0006	0.0000
B12TX0390	0.0000	0.4439	0.0000	0.5234	0.0323	0.0004	0.0000
B12TX1317	0.0476	0.2579	0.0000	0.4173	0.1281	0.1150	0.0341
B12TX1855	0.0030	0.1691	0.0000	0.7789	0.0489	0.0000	0.0001
B12TX0194	0.0201	0.0000	0.0090	0.7785	0.1815	0.0000	0.0109
B12TX0147	0.0000	0.0000	0.0239	0.7512	0.1636	0.0000	0.0613
P124TX0171	0.0254	0.0000	0.0174	0.7279	0.1790	0.0000	0.0503
B12TX0286	0.0000	0.0000	0.0242	0.8804	0.0881	0.0074	0.0000
B12TX0130	0.0000	0.0030	0.0369	0.8800	0.0799	0.0003	0.0000
B12TX0279	0.0003	0.0000	0.5143	0.4651	0.0036	0.0000	0.0167
B12TX1244	0.1415	0.1809	0.0457	0.5336	0.0113	0.0023	0.0847
B12TX0746	0.0021	0.0051	0.0184	0.8469	0.1174	0.0100	0.0000
B12TX0751	0.0290	0.0070	0.0274	0.8455	0.0785	0.0120	0.0006
B12TX0012	0.0004	0.0007	0.0296	0.8238	0.1107	0.0141	0.0206
B12TX0461	0.0009	0.0000	0.0270	0.7855	0.1096	0.0330	0.0440
B12TX0014	0.0329	0.0000	0.0180	0.7883	0.1246	0.0350	0.0013
P124TX0463	0.0206	0.0000	0.0179	0.8112	0.1140	0.0357	0.0007
B12TX0009	0.0266	0.0044	0.0290	0.8204	0.0926	0.0270	0.0000
B12TX2330	0.0004	0.0000	0.0363	0.8382	0.0833	0.0210	0.0209
P124TX0246	0.0010	0.0000	0.0000	0.8161	0.1337	0.0000	0.0491
B12TX0315	0.0000	0.0000	0.0000	1.0000	0.0000	0.0000	0.0000
P124TX0236	0.0000	0.0000	0.0000	1.0000	0.0000	0.0000	0.0000
B12TX2288	0.0000	0.0001	0.0000	0.9999	0.0000	0.0000	0.0000
B12TX0249	0.0000	0.0000	0.0000	1.0000	0.0000	0.0000	0.0000
B12TX0303	0.0000	0.0000	0.0000	1.0000	0.0000	0.0000	0.0000
P124TX0368	0.0363	0.0000	0.0000	0.7460	0.1963	0.0000	0.0214
B12TX1168	0.0249	0.0000	0.0000	0.7746	0.2001	0.0000	0.0004
B12TX0044	0.0011	0.0000	0.0000	0.8002	0.1713	0.0000	0.0274
P124TX0045	0.0886	0.0000	0.0000	0.4863	0.1798	0.0000	0.2454
B12TX1105	0.0267	0.0000	0.0023	0.7508	0.1747	0.0010	0.0444
P124TX0018	0.0406	0.0000	0.0000	0.7381	0.2206	0.0000	0.0007
B12TX1102	0.0000	0.0020	0.0000	0.7628	0.1892	0.0000	0.0460
B12TX0087	0.0004	0.0000	0.0000	0.5019	0.1148	0.0000	0.3828
B12TX0248	0.0081	0.0000	0.0000	0.9919	0.0000	0.0000	0.0000
B12TX1443	0.0000	0.0000	0.0000	0.9591	0.0000	0.0000	0.0409
B12TX0756	0.0350	0.0001	0.0000	0.6934	0.2019	0.0044	0.0650
B12TX1249	0.0000	0.1354	0.0000	0.5300	0.0530	0.2506	0.0310
B12TX0786	0.0010	0.0081	0.0000	0.9162	0.0663	0.0083	0.0000
B12TX1721	0.2092	0.0280	0.2195	0.2672	0.0027	0.0190	0.2545
B12TX2249	0.0006	0.2951	0.3481	0.3274	0.0006	0.0277	0.0004
B12BPS1207	0.0000	0.0190	0.1560	0.3150	0.0000	0.5100	0.0000
B12TX2253	0.0000	0.0383	0.3101	0.6436	0.0000	0.0080	0.0000
B12TX2252	0.0000	0.0370	0.3091	0.6457	0.0000	0.0081	0.0000
B12TX1257	0.0332	0.0000	0.0300	0.6809	0.2518	0.0000	0.0041
B12TX1183	0.0009	0.0000	0.0607	0.6522	0.2060	0.0000	0.0802
B12TX1182	0.0449	0.0000	0.0551	0.6354	0.2124	0.0000	0.0521
B12Gh2091	0.0641	0.0000	0.0773	0.7527	0.1058	0.0000	0.0000
B12TX1115	0.0100	0.0000	0.0590	0.9007	0.0299	0.0000	0.0004
B12TX1055	0.0000	0.0000	0.0061	0.9939	0.0000	0.0000	0.0000
B12TX1110	0.0000	0.0000	0.0000	1.0000	0.0000	0.0000	0.0000
B12TX1113	0.0010	0.0000	0.0349	0.9641	0.0000	0.0000	0.0000
B12TX1349	0.0000	0.0000	0.0337	0.9656	0.0007	0.0000	0.0000
B12TX2329	0.0000	0.0000	0.0224	0.9776	0.0000	0.0000	0.0000
B12TX1292	0.0031	0.0000	0.0291	0.9626	0.0019	0.0000	0.0033
B12TX0698	0.0011	0.0080	0.0280	0.9628	0.0000	0.0000	0.0000
B12TX0959	0.0024	0.0000	0.1000	0.8967	0.0007	0.0000	0.0001
B12TX1226	0.0462	0.0000	0.1932	0.7605	0.0001	0.0000	0.0000
B12TX1459	0.0014	0.0120	0.2351	0.6710	0.0583	0.0221	0.0000
B12TX0665	0.0024	0.0000	0.5856	0.4120	0.0000	0.0000	0.0000
B12TX1228	0.0825	0.0000	0.3732	0.3290	0.1649	0.0000	0.0505
B12TX0672	0.1509	0.0000	0.3052	0.1843	0.0917	0.0000	0.2678
B12TX1975	0.4541	0.0000	0.4890	0.0419	0.0001	0.0000	0.0149
B12TX1968	0.0000	0.0000	0.5040	0.4514	0.0440	0.0006	0.0000
B12TX2081	0.0003	0.0000	0.9816	0.0080	0.0097	0.0000	0.0004
B12TX1895	0.0000	0.0000	1.0000	0.0000	0.0000	0.0000	0.0000
B12TX0481	0.0000	0.0000	1.0000	0.0000	0.0000	0.0000	0.0000
B12TX0664	0.0000	0.0000	1.0000	0.0000	0.0000	0.0000	0.0000
B12TX1107	0.0000	0.0020	0.9980	0.0000	0.0000	0.0000	0.0000
B12TX1981	0.0000	0.0130	0.9400	0.0270	0.0000	0.0200	0.0000
B12TX1982	0.0000	0.0342	0.8882	0.0186	0.0000	0.0530	0.0060
B12TX1988	0.0000	0.1156	0.8833	0.0000	0.0000	0.0011	0.0000
B12TX0670	0.1318	0.0250	0.4859	0.0014	0.2301	0.0181	0.1076
B12TX1990	0.0009	0.0590	0.9213	0.0000	0.0001	0.0147	0.0040
B12TX2228	0.0000	0.0000	1.0000	0.0000	0.0000	0.0000	0.0000
B12TX0662	0.0000	0.0000	1.0000	0.0000	0.0000	0.0000	0.0000
B12OWS	0.0000	0.0000	0.9940	0.0000	0.0000	0.0060	0.0000
B12TX1748	0.0000	0.0000	1.0000	0.0000	0.0000	0.0000	0.0000
B12TX1439	0.0000	0.0000	1.0000	0.0000	0.0000	0.0000	0.0000
B12TX0480	0.0000	0.0000	1.0000	0.0000	0.0000	0.0000	0.0000
B12TX1106	0.0000	0.0000	1.0000	0.0000	0.0000	0.0000	0.0000
B12TX0069	0.0001	0.0030	0.9509	0.0460	0.0000	0.0000	0.0000
B12TX1046	0.0060	0.0100	0.9276	0.0000	0.0049	0.0230	0.0286
B12TX2400	0.0001	0.0611	0.8537	0.0003	0.0000	0.0498	0.0350
B12TX2254	0.0010	0.2524	0.7040	0.0000	0.0270	0.0067	0.0089
B12KLM1872	0.0004	0.5039	0.4566	0.0087	0.0000	0.0214	0.0089
B12TX0879	0.0163	0.3713	0.5395	0.0224	0.0505	0.0000	0.0000
B12TX0217	0.0000	0.0000	0.4820	0.3977	0.1203	0.0000	0.0000
P121TX0231	0.0060	0.0000	0.9217	0.0533	0.0186	0.0000	0.0004
B12TX0937	0.0127	0.0000	0.9090	0.0523	0.0260	0.0000	0.0000
B12TX1111	0.0000	0.0000	0.8916	0.0580	0.0503	0.0000	0.0000
B12TX0663	0.0000	0.0000	0.9794	0.0204	0.0001	0.0000	0.0000
B12TX2089	0.0000	0.0000	0.8909	0.1091	0.0000	0.0000	0.0000
B12TX2096	0.0000	0.0000	0.5817	0.0047	0.0000	0.4136	0.0000
B12TX0686	0.0000	0.0050	0.4815	0.1153	0.0106	0.3591	0.0286
B12BPS1157	0.0000	0.2390	0.4089	0.0137	0.0007	0.3377	0.0000
B12TX1120	0.0080	0.0000	0.9920	0.0000	0.0000	0.0000	0.0000
B12TX0668	0.0000	0.0000	1.0000	0.0000	0.0000	0.0000	0.0000
B12TX1108	0.0000	0.0000	1.0000	0.0000	0.0000	0.0000	0.0000
B12TX0487	0.0000	0.0000	1.0000	0.0000	0.0000	0.0000	0.0000
B12TX0752	0.0000	0.0000	1.0000	0.0000	0.0000	0.0000	0.0000
B12TX0953	0.1607	0.0170	0.0030	0.5685	0.1032	0.0570	0.0906
B12TX0213	0.0000	0.0000	0.0000	0.8091	0.1909	0.0000	0.0000
B12TX0006	0.0011	0.0000	0.0000	0.8442	0.1545	0.0000	0.0001
B12TX0089	0.0004	0.0000	0.0000	0.7675	0.2320	0.0000	0.0000
B12TX0634	0.0000	0.0000	0.0000	0.8210	0.1790	0.0000	0.0000
B12TX0215	0.0000	0.0000	0.0000	0.7967	0.2033	0.0000	0.0000
B12TX0200	0.0010	0.0000	0.0000	0.7814	0.2176	0.0000	0.0000
B12TX0240	0.0000	0.0000	0.0000	0.7999	0.2001	0.0000	0.0000
B12TX1453	0.0240	0.0000	0.0663	0.5359	0.3138	0.0000	0.0600
B12TX0112	0.0417	0.0000	0.0000	0.5601	0.3093	0.0000	0.0889
B12TX0109	0.0377	0.0000	0.0000	0.3731	0.4356	0.0000	0.1536
B12TX0704	0.0950	0.0000	0.0000	0.4041	0.4234	0.0000	0.0775
B11SA1456	0.0151	0.0000	0.0059	0.3338	0.2112	0.0000	0.4341
B11SA0825	0.0772	0.0000	0.0000	0.2610	0.5145	0.0000	0.1473
B11SA1250	0.1443	0.0000	0.0150	0.1755	0.4602	0.0000	0.2050
B11SA1205	0.1279	0.0000	0.0000	0.0210	0.6834	0.0000	0.1677
B11SA0084	0.0933	0.0000	0.0000	0.0150	0.6992	0.0000	0.1925
P115HAU185	0.3741	0.0000	0.0000	0.0000	0.5520	0.0000	0.0739
B11SA0668A	0.1672	0.0000	0.0000	0.0160	0.6312	0.0000	0.1856
B11SA0002	0.0344	0.0000	0.0000	0.1833	0.5939	0.0000	0.1883
B11SA0165	0.1260	0.0000	0.0520	0.0820	0.5456	0.0000	0.1944
B11DIV293	0.1093	0.0000	0.0270	0.1360	0.5761	0.0000	0.1516
B11SA1138	0.1829	0.0000	0.0046	0.1119	0.3813	0.0000	0.3193
B11SA1237	0.2496	0.0000	0.0290	0.0821	0.5284	0.0000	0.1109
B11SA1232	0.1473	0.0000	0.0626	0.1079	0.5238	0.0000	0.1585
B11DIV213	0.0766	0.0000	0.0570	0.1212	0.6536	0.0000	0.0915
B11SA1055	0.0959	0.0000	0.0300	0.1091	0.5077	0.0000	0.2573
B11SA3308	0.2025	0.0087	0.0243	0.0624	0.3611	0.2040	0.1370
B11SA3251	0.0446	0.0000	0.0020	0.0447	0.7487	0.0000	0.1600
B11DIV308	0.1519	0.0000	0.0000	0.0359	0.6491	0.0000	0.1631
B11SA1725	0.0879	0.0000	0.0000	0.0030	0.6539	0.0000	0.2551
B11SA1230	0.0553	0.0000	0.0000	0.0000	0.7301	0.0000	0.2146
B11SA2558	0.1108	0.0000	0.0000	0.0370	0.7017	0.0020	0.1485
P115HAU159	0.1037	0.0000	0.0000	0.0000	0.8823	0.0000	0.0140
P115HAU104	0.4954	0.0000	0.0000	0.0000	0.4801	0.0000	0.0244
P115HAU047	0.1695	0.0000	0.0000	0.0000	0.7679	0.0000	0.0626
B11SA0053	0.0519	0.0000	0.0000	0.0284	0.7184	0.0000	0.2013
B11SA0159	0.1140	0.0000	0.0000	0.0051	0.6249	0.0000	0.2560
B11DIV366	0.0949	0.0000	0.0000	0.0280	0.6697	0.0000	0.2074
B11DIV037	0.1303	0.0000	0.0000	0.0310	0.5971	0.0000	0.2417
B11DIV178	0.1090	0.0000	0.0000	0.0230	0.6480	0.0000	0.2199
B11SA0883	0.1951	0.0000	0.0000	0.0000	0.5099	0.0000	0.2950
P115HU133	0.2312	0.0000	0.0000	0.0100	0.6113	0.0000	0.1475
B11SA2589	0.0453	0.0000	0.0000	0.0000	0.3381	0.0000	0.6166
P115HU271	0.1951	0.0000	0.0000	0.0422	0.6612	0.0000	0.1016
B11SA0186	0.0076	0.0000	0.0041	0.0513	0.6055	0.0000	0.3315
P115HAU124	0.4029	0.0000	0.0000	0.0000	0.4555	0.0000	0.1416
B11SA0333	0.1790	0.0000	0.0000	0.0000	0.4280	0.0000	0.3930
B11SA1166	0.1891	0.0000	0.0000	0.0000	0.4682	0.0000	0.3427
B11SA0857	0.4012	0.0000	0.0000	0.0000	0.2765	0.0000	0.3223
P113Ug4	0.6424	0.0000	0.0000	0.0000	0.2992	0.0000	0.0584
B11SA1766	0.5008	0.0000	0.0160	0.0013	0.2138	0.0027	0.2655
B11SA3332	0.1914	0.0000	0.0424	0.0000	0.5423	0.0000	0.2239
B11DIV034	0.4230	0.0000	0.0170	0.0000	0.3599	0.0000	0.2001
B11SA3335	0.1643	0.0000	0.0170	0.0000	0.4985	0.0000	0.3202
B11SA0982	0.1941	0.0000	0.0111	0.0304	0.6350	0.0000	0.1293
B11DIV306	0.2071	0.0000	0.0150	0.0123	0.6432	0.0000	0.1225
B11SA0904	0.2811	0.0000	0.0000	0.0000	0.6156	0.0000	0.1033
B11DIV012	0.3454	0.0000	0.0000	0.0220	0.4279	0.0000	0.2047
B11SA1291	0.1916	0.0000	0.0150	0.0000	0.5579	0.0000	0.2356
B11SA0238	0.1890	0.0000	0.0083	0.0129	0.5121	0.0000	0.2777
B11DIV058	0.1973	0.0000	0.0190	0.0004	0.5605	0.0000	0.2228
P115HAU072	0.3061	0.0000	0.0160	0.0000	0.4446	0.0000	0.2333
B11SA1263	0.0667	0.0000	0.0110	0.0000	0.4126	0.0000	0.5096
B11SA1278	0.0914	0.0000	0.0120	0.0000	0.3754	0.0120	0.5091
B11SA3489	0.1450	0.0000	0.0244	0.0103	0.6055	0.0000	0.2147
B11SA2356	0.1780	0.0000	0.0260	0.0083	0.5062	0.0000	0.2815
P115HAU176	0.5146	0.0000	0.0000	0.0000	0.4759	0.0000	0.0094
P115HAU121	0.3748	0.0000	0.0000	0.0274	0.5957	0.0000	0.0021
P115HAU123	0.5425	0.0000	0.0000	0.0000	0.3550	0.0000	0.1025
P115HAU180	0.5694	0.0000	0.0000	0.0000	0.4038	0.0000	0.0269
P115HAU248	0.5534	0.0000	0.0000	0.0010	0.3326	0.0000	0.1130
P115HAU070	0.5643	0.0000	0.0000	0.0000	0.4353	0.0000	0.0004
P115HAU071	0.5647	0.0000	0.0000	0.0000	0.4352	0.0000	0.0001
P115HAU126	0.4537	0.0000	0.0000	0.0000	0.4741	0.0000	0.0721
P115HAU275	0.2085	0.0000	0.0000	0.0000	0.7903	0.0000	0.0011
P115HAU270	0.2031	0.0000	0.0000	0.0000	0.7907	0.0000	0.0063
P115HAU279	0.7445	0.0000	0.0000	0.0000	0.2423	0.0000	0.0133
P115HAU277	0.6996	0.0000	0.0000	0.0000	0.1936	0.0000	0.1069
P115HAU278	0.6682	0.0000	0.0000	0.0000	0.2788	0.0000	0.0530
P115HAU280	0.6502	0.0000	0.0000	0.0000	0.2472	0.0000	0.1026
P115HAU165	0.6309	0.0000	0.0000	0.0000	0.3271	0.0000	0.0420
P115HAU119	0.5858	0.0000	0.0000	0.0110	0.2777	0.0060	0.1195
P115HAU196	0.5166	0.0000	0.0000	0.0540	0.4267	0.0000	0.0027
P115HAU112	0.4851	0.0000	0.0000	0.0434	0.3814	0.0000	0.0901
P115HAU181	0.5955	0.0000	0.0000	0.0000	0.0903	0.0000	0.3142
P115HAU105	0.7224	0.0000	0.0000	0.0000	0.1381	0.0000	0.1394
P113JinM33	0.8176	0.0000	0.0000	0.0000	0.0294	0.0000	0.1530
P111Cok312	0.6015	0.0000	0.0000	0.0000	0.0251	0.0000	0.3733
B11SA3403	0.6771	0.0000	0.0000	0.0000	0.0000	0.0000	0.3229
B11SA3360	0.6385	0.0000	0.0000	0.0000	0.0000	0.0000	0.3615
P112Cok315	0.6982	0.0000	0.0000	0.0000	0.0000	0.0000	0.3018
B11SA1184	0.6071	0.0000	0.0000	0.0000	0.0000	0.0000	0.3929
B11SA2374	0.5691	0.0000	0.0000	0.0000	0.0000	0.0000	0.4309
B11DIV230	0.3264	0.0110	0.0110	0.0000	0.0241	0.0000	0.6274
P115HAU274	0.6083	0.0000	0.0000	0.0000	0.0014	0.0000	0.3903
B11DIV079	0.4989	0.0000	0.0000	0.0000	0.0000	0.0000	0.5011
P115HU018	0.7106	0.0000	0.0000	0.0000	0.1262	0.0000	0.1632
P115HAU163	0.8953	0.0000	0.0000	0.0000	0.0313	0.0000	0.0734
P115HAU106	0.9321	0.0000	0.0000	0.0000	0.0000	0.0000	0.0679
P115HAU113	0.6770	0.0000	0.0000	0.0000	0.0306	0.0000	0.2925
P117ST2B	0.6580	0.0000	0.0000	0.0000	0.0310	0.0000	0.3109
B11DIV141	0.5145	0.0000	0.0000	0.0000	0.0233	0.0000	0.4622
B11DIV074	0.4088	0.0000	0.0000	0.0000	0.1733	0.0000	0.4179
B11DIV298	0.2897	0.0000	0.0680	0.0003	0.2879	0.0000	0.3541
B11SA0965	0.4976	0.0000	0.0000	0.0000	0.1795	0.0000	0.3229
B11SA1533	0.4121	0.0000	0.0000	0.0087	0.1637	0.0000	0.4155
B11SA1427	0.5447	0.0000	0.0000	0.0000	0.2298	0.0000	0.2255
B11SA1428	0.5310	0.0000	0.0000	0.0007	0.2043	0.0020	0.2620
B11SA0881	0.3955	0.0000	0.0000	0.0000	0.2029	0.0000	0.4015
B11SA1111	0.2459	0.0000	0.0000	0.0000	0.2282	0.0000	0.5259
B11SA0940	0.3907	0.0000	0.0000	0.0000	0.2407	0.0000	0.3686
B11SA1156	0.5540	0.0000	0.0000	0.0000	0.0317	0.0000	0.4143
P115HAU079	0.6846	0.0000	0.0000	0.0000	0.0000	0.0000	0.3154
P115HAU044	0.4846	0.0000	0.0000	0.0000	0.1133	0.0000	0.4021
P115HAU043	0.4846	0.0000	0.0000	0.0000	0.1132	0.0000	0.4022
B11SA1759	0.3311	0.0000	0.0110	0.0000	0.1286	0.0000	0.5294
B11SA3444	0.3700	0.0000	0.0080	0.0353	0.1910	0.0020	0.3937
P111PD1	0.3926	0.0000	0.0000	0.0040	0.0998	0.0000	0.5036
B11DIV255	0.1680	0.0000	0.0040	0.0060	0.1412	0.0000	0.6808
B11DIV256	0.3586	0.0000	0.0000	0.0000	0.0847	0.0000	0.5567
B11DIV263	0.5544	0.0000	0.0000	0.0000	0.0649	0.0010	0.3798
B11DIV273	0.4619	0.0000	0.0000	0.0000	0.0250	0.0000	0.5131
B11DIV269	0.4230	0.0000	0.0000	0.0000	0.0236	0.0000	0.5534
B11SA2260	0.3847	0.0000	0.0000	0.0000	0.0319	0.0030	0.5805
B11SA1665	0.3550	0.0000	0.0000	0.0000	0.0644	0.0000	0.5806
B11SA3778	0.3505	0.0000	0.0000	0.0000	0.0344	0.0000	0.6151
B11SA1596	0.1877	0.0000	0.0000	0.0000	0.1437	0.0000	0.6685
B11DIV134	0.1540	0.0000	0.0000	0.0000	0.1909	0.0000	0.6550
B11DIV249	0.1707	0.0000	0.0000	0.0000	0.1694	0.0000	0.6600
B11DIV002	0.1877	0.0000	0.0000	0.0000	0.2223	0.0000	0.5901
B11DIV382	0.3547	0.0000	0.0000	0.0000	0.2001	0.0000	0.4452
B11SA0582	0.1976	0.0000	0.0070	0.0177	0.3039	0.0110	0.4629
B11DIV310	0.1765	0.0000	0.0000	0.0000	0.4438	0.0080	0.3717
B11DIV184	0.2042	0.0000	0.0000	0.0000	0.4820	0.0000	0.3138
B11DIV305	0.2231	0.0000	0.0000	0.0000	0.3831	0.0050	0.3888
B11DIV136	0.4098	0.0000	0.0030	0.0156	0.1081	0.0000	0.4635
P114SA0592	0.2595	0.0000	0.0000	0.0000	0.2120	0.0070	0.5215
B11SA1212	0.3235	0.0000	0.0000	0.0000	0.0280	0.0000	0.6485
P115HAU085	0.6120	0.0000	0.0000	0.0000	0.0906	0.0000	0.2974
B11DIV138	0.5702	0.0000	0.0000	0.0000	0.0887	0.0000	0.3410
B11DIV046	0.2721	0.0000	0.0120	0.0111	0.2606	0.0110	0.4331
B11SA1349	0.2221	0.0000	0.0050	0.0000	0.2268	0.0000	0.5460
B11SA3413	0.2950	0.0000	0.0450	0.0652	0.2883	0.0000	0.3065
B11SA3493	0.4623	0.0000	0.0000	0.0000	0.0217	0.0087	0.5073
B11SA3477	0.3295	0.0000	0.0000	0.0000	0.0239	0.0000	0.6466
B11SA2375	0.1861	0.0000	0.0000	0.0000	0.0614	0.0070	0.7455
B11SA1710	0.3438	0.0000	0.0004	0.0732	0.0004	0.0000	0.5822
B11DIV211	0.3157	0.0000	0.0087	0.0700	0.0000	0.0000	0.6055
B11SA1694	0.3313	0.0000	0.0780	0.0004	0.0000	0.0000	0.5902
B11SA2606	0.2081	0.0110	0.0330	0.0581	0.1661	0.1239	0.3998
B11DIV206	0.2338	0.0000	0.0090	0.0000	0.1244	0.0000	0.6328
B11DIV351	0.2510	0.0000	0.0000	0.0000	0.0000	0.0000	0.7490
B11DIV347	0.2816	0.0000	0.0000	0.0000	0.0569	0.0000	0.6616
B11DIV066	0.2771	0.0000	0.0000	0.0000	0.0000	0.0000	0.7229
B11DIV063	0.2047	0.0000	0.0000	0.0000	0.0000	0.0000	0.7953
B11DIV319	0.3030	0.0000	0.0000	0.0000	0.0000	0.0000	0.6970
P111TamSph	0.3094	0.0000	0.0000	0.0000	0.0200	0.0000	0.6706
P112TP	0.3686	0.0000	0.0000	0.0000	0.0003	0.0000	0.6311
B11SA3777	0.2730	0.0000	0.0000	0.0000	0.0640	0.0000	0.6630
B11SA2057	0.0917	0.0000	0.0000	0.0000	0.1508	0.0040	0.7535
B11SA0298	0.1214	0.0000	0.0000	0.0000	0.1546	0.0000	0.7240
P115HAU276	0.5526	0.0000	0.0000	0.0120	0.1500	0.0030	0.2824
P115HAU273	0.5113	0.0000	0.0000	0.0041	0.1529	0.0020	0.3297
B11DIV272	0.3438	0.0000	0.0000	0.0300	0.1608	0.0000	0.4653
B11DIV040	0.1519	0.0000	0.0000	0.0297	0.0957	0.0000	0.7227
B11SA0718	0.1684	0.0000	0.0000	0.0400	0.1580	0.0000	0.6336
B11SA1424	0.2889	0.0000	0.0000	0.0371	0.4521	0.0000	0.2219
P115HAU110	0.3875	0.0000	0.0000	0.0170	0.5211	0.0000	0.0743
B11DIV322	0.1645	0.0000	0.0000	0.0231	0.3425	0.0000	0.4698
P115HAU208	0.2687	0.0000	0.0000	0.0400	0.5072	0.0000	0.1841
B11SA0815	0.1858	0.0000	0.0000	0.0726	0.3093	0.0000	0.4323
B11DIV373	0.2471	0.0000	0.0000	0.0000	0.0674	0.0000	0.6855
B11SA1019	0.1056	0.0000	0.0000	0.0000	0.4000	0.0000	0.4944
B11DIV209	0.1854	0.0000	0.0000	0.0000	0.1861	0.0000	0.6284
B11DIV048	0.2889	0.0000	0.0080	0.0780	0.0000	0.0000	0.6251
P116D531C	0.5248	0.0000	0.0000	0.0000	0.0389	0.0000	0.4363
B11SA1703	0.3020	0.0000	0.0000	0.0990	0.0049	0.0000	0.5941
B11DIV199	0.2872	0.0000	0.0000	0.0000	0.0099	0.0070	0.6960
B11DIV289	0.3149	0.0000	0.0000	0.0000	0.0000	0.0000	0.6851
B11SA1044	0.2986	0.0000	0.0000	0.0000	0.0000	0.0000	0.7014
B11SA1006	0.2480	0.0000	0.0000	0.0023	0.0114	0.0000	0.7382
B11SA0369	0.3369	0.0000	0.0000	0.0000	0.2786	0.0000	0.3846
B11DIV030	0.3184	0.0000	0.0000	0.0000	0.3695	0.0160	0.2961
B11DIV033	0.1822	0.0000	0.0000	0.0000	0.4529	0.0190	0.3459
B11DIV364	0.1626	0.0000	0.0000	0.0000	0.4481	0.0190	0.3702
B11DIV264	0.1916	0.0000	0.0000	0.0000	0.4427	0.0180	0.3477
B11DIV232	0.5910	0.0000	0.0000	0.0000	0.0000	0.0000	0.4090
B11SA0892	0.6759	0.0000	0.0000	0.0000	0.0006	0.0000	0.3236
P116DixieK	0.5480	0.0000	0.0000	0.0000	0.0000	0.0000	0.4520
P115HU213	0.8803	0.0000	0.0000	0.0000	0.0353	0.0000	0.0844
P115HAU137	0.4268	0.0000	0.0000	0.0000	0.3001	0.0000	0.2731
P115HAU090	0.3317	0.0000	0.0000	0.0000	0.3783	0.0000	0.2900
B11SA0311	0.3245	0.0000	0.0000	0.0000	0.2504	0.0000	0.4252
B11DIV243	0.1606	0.0000	0.0000	0.0100	0.1488	0.0000	0.6806
B11DIV169	0.0617	0.0000	0.0000	0.0000	0.2063	0.0000	0.7320
B11DIV119	0.3745	0.0000	0.0000	0.0000	0.0391	0.0000	0.5863
P111HS26	0.1995	0.0000	0.0000	0.0000	0.0833	0.0000	0.7172
P114SA3783	0.2663	0.0000	0.0000	0.0000	0.0626	0.0000	0.6711
B11DIV245	0.1764	0.0000	0.0000	0.0000	0.0290	0.0010	0.7936
B11SA2895	0.0444	0.0000	0.0010	0.0003	0.1294	0.0050	0.8199
B11SA3340	0.0510	0.0000	0.0000	0.0001	0.2168	0.0000	0.7321
B11DIV237	0.0339	0.0000	0.0000	0.0000	0.1746	0.0000	0.7916
B11SA1139	0.0007	0.0000	0.0000	0.0069	0.2698	0.0000	0.7226
B11SA2580	0.0616	0.0000	0.0000	0.0000	0.1534	0.0000	0.7850
B11DIV055	0.2237	0.0000	0.0000	0.0000	0.1101	0.0640	0.6022
B11DIV246	0.1562	0.0000	0.0000	0.0000	0.0954	0.0000	0.7484
B11DIV316	0.3207	0.0000	0.0000	0.0080	0.0623	0.0034	0.6055
B11DIV096	0.1281	0.0000	0.0000	0.0013	0.0798	0.0067	0.7840
B11DIV296	0.0247	0.0000	0.0000	0.0000	0.0866	0.0000	0.8887
B11SA1181	0.0389	0.0000	0.0000	0.0000	0.0223	0.0000	0.9389
B11DIV007	0.0000	0.0000	0.0000	0.0000	0.0216	0.0000	0.9784
B11SA3193	0.0547	0.0000	0.0000	0.0000	0.0420	0.0000	0.9033
B11DIV226	0.0000	0.0000	0.0000	0.0000	0.0000	0.0000	1.0000
P111Maxxa	0.0583	0.0000	0.0000	0.0000	0.0000	0.0000	0.9417
B11DIV059	0.0063	0.0000	0.0000	0.0000	0.0000	0.0000	0.9937
P112AU	0.2293	0.0000	0.0000	0.0000	0.0030	0.0000	0.7677
B11DIV380	0.0013	0.0000	0.0000	0.0000	0.0000	0.0000	0.9987
B11SA3781	0.0341	0.0000	0.0000	0.0000	0.0389	0.0000	0.9270
B11SA1913	0.0013	0.0000	0.0000	0.0000	0.0491	0.0000	0.9496
B11SA1845	0.0269	0.0044	0.0000	0.0180	0.0091	0.1794	0.7621
B11SA2330	0.1330	0.0000	0.0013	0.0009	0.1339	0.0000	0.7310
B11DIV363	0.0251	0.0000	0.0000	0.0110	0.3627	0.0000	0.6012
B11SA3284	0.2594	0.0000	0.0000	0.0000	0.1460	0.0000	0.5946
P115HU130	0.2365	0.0000	0.0000	0.0000	0.6175	0.0000	0.1460
B11SA3256	0.3041	0.0000	0.0056	0.0000	0.3301	0.0100	0.3502
P115HAU223	0.1674	0.0000	0.0000	0.0000	0.5458	0.0000	0.2868
P115HAU091	0.2390	0.0000	0.0000	0.0000	0.3989	0.0000	0.3621
P115HAU186	0.3416	0.0000	0.0000	0.0000	0.5488	0.0000	0.1096
P115HAU224	0.1784	0.0000	0.0000	0.0000	0.6934	0.0000	0.1281
P115HU131	0.3172	0.0000	0.0000	0.0000	0.6068	0.0000	0.0760
P115HAU254	0.4032	0.0000	0.0000	0.0000	0.4921	0.0000	0.1047
P115HAU225	0.1283	0.0000	0.0000	0.0000	0.7261	0.0000	0.1456
P115HAU179	0.1973	0.0000	0.0000	0.0000	0.7043	0.0000	0.0984
P115HAU212	0.1464	0.0000	0.0000	0.0000	0.6603	0.0000	0.1933
P115HAU202	0.1366	0.0000	0.0000	0.0000	0.7541	0.0000	0.1093
P115HAU116	0.1189	0.0000	0.0000	0.0000	0.7670	0.0000	0.1141
P115HAU039	0.1770	0.0000	0.0000	0.0170	0.6102	0.0000	0.1957
P115HAU034	0.2154	0.0000	0.0000	0.0000	0.4633	0.0000	0.3213
P115HAU037	0.4561	0.0000	0.0060	0.0114	0.4279	0.0000	0.0986
P115HAU040	0.1190	0.0000	0.0000	0.0067	0.6303	0.0000	0.2440
P115HAU017	0.3531	0.0000	0.0000	0.0000	0.4782	0.0000	0.1687
P115HAU264	0.4606	0.0000	0.0000	0.0000	0.4535	0.0000	0.0859
P115HAU263	0.4854	0.0000	0.0000	0.0000	0.4577	0.0000	0.0568
P115HAU231	0.4568	0.0000	0.0000	0.0000	0.5015	0.0000	0.0417
B11SA3452	0.0311	0.0000	0.0270	0.0513	0.5906	0.0000	0.3000
B11SA1403	0.0010	0.0000	0.0000	0.0000	0.2794	0.0000	0.7196
B11SA1406	0.0001	0.0000	0.0000	0.0000	0.5577	0.0000	0.4422
B11SA3390	0.0000	0.0000	0.2478	0.0808	0.4004	0.0000	0.2711
B11SA1392	0.0000	0.0000	0.0000	0.0000	0.5405	0.0000	0.4595
B11DIV355	0.0000	0.0000	0.0000	0.0000	0.5439	0.0000	0.4561
P117XLZ42	0.2055	0.0000	0.0017	0.0147	0.6053	0.0000	0.1727
P115HAU258	0.2839	0.0000	0.0000	0.0000	0.5707	0.0000	0.1454
P115HAU257	0.2953	0.0000	0.0000	0.0000	0.6582	0.0000	0.0464
P115HAU228	0.3046	0.0000	0.0000	0.0000	0.3636	0.0000	0.3318
P115HAU229	0.3111	0.0000	0.0000	0.0000	0.5767	0.0000	0.1122
P115HAU033	0.0891	0.0000	0.0000	0.0190	0.6824	0.0000	0.2094
P115HAU251	0.0982	0.0000	0.0000	0.0210	0.6751	0.0000	0.2057
P115HAU203	0.6047	0.0000	0.0000	0.0000	0.2419	0.0009	0.1525
B11SA3338	0.4355	0.0001	0.0009	0.0109	0.2386	0.0000	0.3140
P115HAU098	0.3699	0.0000	0.0000	0.0000	0.4623	0.0000	0.1678
P115HAU169	0.6303	0.0000	0.0000	0.0000	0.3027	0.0000	0.0670
P113Zh9807	0.5330	0.0000	0.0000	0.0000	0.2070	0.0000	0.2600
P115HAU097	0.4802	0.0000	0.0000	0.0000	0.3002	0.0000	0.2195
P115HAU093	0.6536	0.0000	0.0000	0.0000	0.3464	0.0000	0.0000
P113Zh9612	0.8369	0.0000	0.0000	0.0000	0.1616	0.0000	0.0016
P113CRI12	0.8376	0.0000	0.0000	0.0000	0.1587	0.0000	0.0037
P115HAU074	0.4919	0.0000	0.0000	0.0000	0.4659	0.0000	0.0423
P115HAU167	0.3753	0.0000	0.0000	0.0000	0.6189	0.0000	0.0059
P115HAU012	0.1970	0.0000	0.0066	0.0000	0.6716	0.0000	0.1249
P115HAU132	0.2823	0.0000	0.0000	0.0000	0.6461	0.0000	0.0716
P115HAU171	0.2092	0.0000	0.0000	0.0000	0.7035	0.0000	0.0873
P115HAU182	0.2335	0.0000	0.0000	0.0000	0.6918	0.0000	0.0747
P115HAU168	0.3345	0.0000	0.0000	0.0000	0.5491	0.0000	0.1164
P115HAU157	0.6710	0.0000	0.0000	0.0000	0.2444	0.0000	0.0846
P115HAU206	0.6868	0.0000	0.0000	0.0000	0.1460	0.0000	0.1672
P115HAU252	0.6888	0.0000	0.0000	0.0000	0.1167	0.0000	0.1945
P115HAU007	0.5006	0.0000	0.0000	0.0136	0.2633	0.0001	0.2224
P115HAU094	0.7015	0.0000	0.0000	0.0000	0.1859	0.0000	0.1126
P115HAU175	0.7637	0.0000	0.0000	0.0000	0.0863	0.0000	0.1500
P115HAU170	0.5277	0.0000	0.0000	0.0000	0.2609	0.0000	0.2114
P115HAU245	0.6630	0.0000	0.0000	0.0000	0.1936	0.0000	0.1434
P115HAU204	0.6088	0.0000	0.0000	0.0000	0.3898	0.0000	0.0014
P115HAU025	0.6944	0.0000	0.0000	0.0040	0.2389	0.0000	0.0627
P115HAU232	0.7240	0.0000	0.0007	0.0011	0.1484	0.0140	0.1117
P115HAU262	0.4846	0.0000	0.0060	0.0004	0.2827	0.0000	0.2263
P115HAU266	0.6285	0.0000	0.0000	0.0000	0.3224	0.0030	0.0462
P115HAU156	0.5266	0.0000	0.0000	0.0000	0.3698	0.0000	0.1036
P115HAU013	0.4997	0.0000	0.0000	0.0000	0.4073	0.0000	0.0930
P115HAU135	0.3589	0.0000	0.0000	0.0000	0.5321	0.0000	0.1089
P115HAU011	0.6119	0.0000	0.0000	0.0000	0.3881	0.0000	0.0000
P115HAU173	0.6342	0.0000	0.0000	0.0000	0.3658	0.0000	0.0000
P115HAU227	0.6207	0.0000	0.0000	0.0000	0.3791	0.0000	0.0001
B11SA1420	0.5116	0.0000	0.0000	0.0000	0.4026	0.0000	0.0859
P115HAU255	0.3753	0.0000	0.0000	0.0000	0.5838	0.0000	0.0410
P115HAU183	0.4841	0.0000	0.0000	0.0000	0.4291	0.0000	0.0867
P115HAU014	0.4544	0.0000	0.0000	0.0000	0.4806	0.0000	0.0650
P115HAU184	0.4337	0.0000	0.0000	0.0000	0.4421	0.0000	0.1241
P115HAU127	0.7996	0.0000	0.0000	0.0000	0.0306	0.0000	0.1698
P115HAU016	0.8101	0.0000	0.0000	0.0000	0.1300	0.0000	0.0599
P115HAU128	0.8386	0.0000	0.0000	0.0000	0.1103	0.0000	0.0511
P115HAU172	0.8626	0.0000	0.0000	0.0000	0.1374	0.0000	0.0000
P115HAU247	0.8821	0.0000	0.0000	0.0000	0.1179	0.0000	0.0000
P115HAU240	0.7093	0.0000	0.0000	0.0000	0.2278	0.0010	0.0619
P115HAU249	0.8134	0.0000	0.0000	0.0000	0.1832	0.0000	0.0034
P115HAU036	0.6232	0.0000	0.0000	0.0000	0.3331	0.0000	0.0437
P115HAU032	0.6649	0.0000	0.0000	0.0000	0.3035	0.0000	0.0316
P115HAU226	0.7392	0.0000	0.0000	0.0000	0.2271	0.0000	0.0337
P115HAU242	0.6878	0.0000	0.0000	0.0000	0.3122	0.0000	0.0000
P115HAU092	0.8814	0.0000	0.0000	0.0000	0.1186	0.0000	0.0000
P115HAU009	0.6549	0.0000	0.0000	0.0413	0.3034	0.0000	0.0004
P115HAU253	0.7690	0.0000	0.0000	0.0000	0.2310	0.0000	0.0000
P115HAU261	0.6087	0.0000	0.0000	0.0000	0.3132	0.0000	0.0782
P115HAU100	0.8599	0.0000	0.0000	0.0000	0.1401	0.0000	0.0000
P115HAU099	0.8482	0.0000	0.0000	0.0000	0.1518	0.0000	0.0000
P115HAU246	0.6694	0.0000	0.0000	0.0000	0.1711	0.0000	0.1594
P115HAU189	0.5773	0.0000	0.0000	0.0000	0.2294	0.0000	0.1933
P115HAU210	0.7239	0.0000	0.0000	0.0000	0.1926	0.0000	0.0836
P115HAU207	0.6540	0.0000	0.0000	0.0000	0.0820	0.0000	0.2640
P115HAU174	0.6927	0.0000	0.0000	0.0000	0.2120	0.0000	0.0953
P115HAU056	0.6739	0.0000	0.0000	0.0000	0.2410	0.0000	0.0851
P115HAU151	0.6050	0.0000	0.0000	0.0040	0.2654	0.0000	0.1256
P115HAU142	0.6324	0.0000	0.0000	0.0000	0.2575	0.0000	0.1102
P115HAU125	0.8297	0.0000	0.0000	0.0000	0.1690	0.0009	0.0004
P115HAU216	0.7593	0.0000	0.0000	0.0000	0.1906	0.0000	0.0501
P113CRI35	0.7413	0.0000	0.0080	0.0000	0.1515	0.0000	0.0992
P113XY9648	0.6818	0.0000	0.0030	0.0000	0.2138	0.0000	0.1014
P113KHW164	0.6336	0.0000	0.0060	0.0000	0.2714	0.0000	0.0890
P115HAU234	0.9057	0.0000	0.0000	0.0000	0.0747	0.0000	0.0196
P115HAU235	0.7954	0.0000	0.0000	0.0000	0.2043	0.0000	0.0003
P115HAU205	0.9353	0.0000	0.0000	0.0000	0.0284	0.0000	0.0363
P115HAU002	0.6975	0.0000	0.0000	0.0000	0.1107	0.0000	0.1918
P115HAU019	0.5927	0.0000	0.0000	0.0000	0.3655	0.0000	0.0419
P115HAU102	0.4270	0.0000	0.0000	0.0000	0.2169	0.0000	0.3561
P115HAU115	0.7987	0.0000	0.0000	0.0046	0.1063	0.0000	0.0904
P117SiM2	0.8047	0.0000	0.0000	0.0000	0.0584	0.0000	0.1369
P115HAU069	0.8242	0.0000	0.0000	0.0000	0.0743	0.0000	0.1015
P115HAU215	0.8745	0.0000	0.0000	0.0000	0.0567	0.0000	0.0687
P115HAU139	0.9690	0.0000	0.0000	0.0000	0.0284	0.0000	0.0026
P115HAU051	0.7704	0.0000	0.0000	0.0000	0.1217	0.0000	0.1079
P115HAU160	0.8621	0.0000	0.0000	0.0000	0.1170	0.0000	0.0209
P115HAU211	0.8130	0.0000	0.0000	0.0000	0.0614	0.0000	0.1256
P115HAU239	0.8567	0.0000	0.0000	0.0000	0.1134	0.0000	0.0299
B11SA1419	0.4162	0.0000	0.0000	0.0000	0.2187	0.0000	0.3651
P115HAU073	0.8367	0.0000	0.0000	0.0000	0.0004	0.0000	0.1629
P115HAU220	0.8302	0.0000	0.0000	0.0000	0.0884	0.0000	0.0814
P115HAU022	0.9480	0.0000	0.0000	0.0000	0.0000	0.0000	0.0520
P115HAU063	0.9890	0.0000	0.0000	0.0000	0.0110	0.0000	0.0000
P115HAU084	0.9866	0.0000	0.0000	0.0000	0.0000	0.0000	0.0134
P115HAU243	0.9663	0.0000	0.0000	0.0000	0.0014	0.0000	0.0323
P113JinM20	0.9404	0.0000	0.0000	0.0000	0.0592	0.0000	0.0004
P115HAU065	0.8108	0.0000	0.0000	0.0000	0.1816	0.0000	0.0076
P115HAU200	0.8400	0.0000	0.0000	0.0000	0.0942	0.0000	0.0659
P115HAU107	0.8351	0.0000	0.0000	0.0000	0.0954	0.0000	0.0694
P115HAU029	0.9179	0.0000	0.0000	0.0000	0.0541	0.0000	0.0280
P117CIR12	0.9956	0.0000	0.0000	0.0000	0.0044	0.0000	0.0000
P115HAU066	0.9718	0.0000	0.0000	0.0000	0.0282	0.0000	0.0000
P115HAU190	1.0000	0.0000	0.0000	0.0000	0.0000	0.0000	0.0000
P115HAU030	0.9941	0.0000	0.0000	0.0000	0.0003	0.0000	0.0056
P113YuM11	1.0000	0.0000	0.0000	0.0000	0.0000	0.0000	0.0000
P115HAU006	0.9370	0.0000	0.0027	0.0000	0.0584	0.0000	0.0019
P115HAU005	0.9423	0.0000	0.0030	0.0000	0.0539	0.0000	0.0009
P117SY321	1.0000	0.0000	0.0000	0.0000	0.0000	0.0000	0.0000
P115HAU122	1.0000	0.0000	0.0000	0.0000	0.0000	0.0000	0.0000
P115HAU188	0.9644	0.0000	0.0000	0.0000	0.0303	0.0000	0.0053
P115HAU194	0.9860	0.0000	0.0000	0.0000	0.0000	0.0000	0.0140
P115HAU250	0.9206	0.0000	0.0000	0.0000	0.0772	0.0000	0.0023
P113Zh571	0.8377	0.0000	0.0000	0.0000	0.0000	0.0010	0.1613
P115HAU087	1.0000	0.0000	0.0000	0.0000	0.0000	0.0000	0.0000
P115HAU020	0.9991	0.0000	0.0000	0.0000	0.0000	0.0000	0.0009
P115HAU214	0.9566	0.0000	0.0000	0.0000	0.0140	0.0020	0.0274
P115HAU001	0.8496	0.0000	0.0000	0.0000	0.0494	0.0000	0.1010
P115HAU101	0.8916	0.0000	0.0000	0.0000	0.0637	0.0000	0.0447
P115HAU129	0.8078	0.0000	0.0000	0.0000	0.0283	0.0000	0.1639
P117C86	0.8980	0.0000	0.0000	0.0000	0.0007	0.0000	0.1013
P115HAU064	0.8609	0.0000	0.0000	0.0000	0.0197	0.0000	0.1194
P115HAU082	0.9223	0.0000	0.0000	0.0000	0.0764	0.0000	0.0013
P115HU268	1.0000	0.0000	0.0000	0.0000	0.0000	0.0000	0.0000
P115HAU269	0.9607	0.0000	0.0000	0.0000	0.0000	0.0000	0.0393
P115HAU059	1.0000	0.0000	0.0000	0.0000	0.0000	0.0000	0.0000
P115HAU060	0.9966	0.0000	0.0000	0.0000	0.0000	0.0000	0.0034
P115HAU237	0.9903	0.0000	0.0000	0.0000	0.0097	0.0000	0.0000
P115HAU114	0.7302	0.0000	0.0000	0.0120	0.2409	0.0000	0.0169
P115HAU061	0.8614	0.0000	0.0000	0.0000	0.1238	0.0000	0.0147
P115HAU095	1.0000	0.0000	0.0000	0.0000	0.0000	0.0000	0.0000
P115HAU222	0.9704	0.0000	0.0000	0.0020	0.0276	0.0000	0.0000
P115HAU209	0.9630	0.0000	0.0000	0.0000	0.0370	0.0000	0.0000
P115HAU244	0.9006	0.0000	0.0000	0.0000	0.0994	0.0000	0.0000
P115HAU241	0.9409	0.0000	0.0000	0.0000	0.0591	0.0000	0.0000
P115HAU015	0.9257	0.0000	0.0000	0.0000	0.0743	0.0000	0.0000
P115HAU021	0.9462	0.0000	0.0000	0.0000	0.0480	0.0000	0.0059
P117JunM1	0.9987	0.0000	0.0000	0.0000	0.0000	0.0000	0.0013
P115HAU057	0.9820	0.0000	0.0000	0.0000	0.0180	0.0000	0.0000
P115HAU138	0.8817	0.0000	0.0000	0.0000	0.0973	0.0000	0.0210
P115HAU147	0.8707	0.0000	0.0000	0.0000	0.0899	0.0000	0.0394
P115HAU088	0.9487	0.0000	0.0000	0.0000	0.0513	0.0000	0.0000
P115HAU078	0.9311	0.0000	0.0000	0.0000	0.0689	0.0000	0.0000
P115HAU198	0.9016	0.0000	0.0000	0.0000	0.0984	0.0000	0.0000
P115HAU149	0.7967	0.0000	0.0000	0.0040	0.1993	0.0000	0.0000
P117DP15	1.0000	0.0000	0.0000	0.0000	0.0000	0.0000	0.0000
P115HAU197	0.7108	0.0000	0.0010	0.0046	0.2434	0.0000	0.0403
P115HAU267	0.8644	0.0000	0.0000	0.0000	0.1331	0.0000	0.0024
B11SA0300	0.9790	0.0000	0.0000	0.0000	0.0000	0.0000	0.0210
B11DIV106	0.9800	0.0000	0.0000	0.0000	0.0000	0.0000	0.0200
P115HAU081	1.0000	0.0000	0.0000	0.0000	0.0000	0.0000	0.0000
P115HAU161	0.9220	0.0000	0.0000	0.0009	0.0731	0.0040	0.0000
P115HAU178	0.7963	0.0000	0.0000	0.0000	0.1728	0.0000	0.0309
P115HAU041	0.9601	0.0000	0.0000	0.0000	0.0357	0.0000	0.0041
P115HAU003	0.8939	0.0000	0.0000	0.0000	0.1056	0.0000	0.0006
P115HAU221	0.8514	0.0000	0.0000	0.0000	0.0404	0.0000	0.1081
P115HAU083	0.8523	0.0000	0.0000	0.0000	0.1447	0.0030	0.0000
P115HAU010	0.8444	0.0000	0.0000	0.0000	0.1556	0.0000	0.0000
P115HAU058	0.8284	0.0000	0.0000	0.0000	0.1716	0.0000	0.0000
P115HAU054	0.9047	0.0000	0.0000	0.0000	0.0000	0.0000	0.0953
P115HAU053	0.9103	0.0000	0.0000	0.0000	0.0000	0.0000	0.0897
P117J8891	0.9193	0.0000	0.0000	0.0000	0.0000	0.0000	0.0807
P117SiM3	0.7470	0.0000	0.0000	0.0000	0.0534	0.0000	0.1996
P115HAU008	0.7670	0.0000	0.0000	0.0000	0.0000	0.0000	0.2330
P115HAU052	0.7897	0.0000	0.0000	0.0000	0.0000	0.0000	0.2103
P115HAU055	0.7686	0.0000	0.0000	0.0000	0.0000	0.0000	0.2314
P115HAU046	0.7249	0.0000	0.0000	0.0000	0.0003	0.0000	0.2748
P115HAU045	0.8030	0.0000	0.0000	0.0000	0.1307	0.0000	0.0663
P115HAU048	0.7591	0.0000	0.0000	0.0000	0.2063	0.0000	0.0346
P115HAU260	0.8164	0.0000	0.0000	0.0000	0.0000	0.0000	0.1836
P115HAU199	0.9883	0.0000	0.0000	0.0000	0.0000	0.0000	0.0117
B11SA3348	0.8428	0.0000	0.0000	0.0000	0.0000	0.0000	0.1572
B11SA2269	0.4861	0.0000	0.0000	0.0070	0.0431	0.0153	0.4485
P114TM1	0.9716	0.0000	0.0000	0.0000	0.0000	0.0000	0.0284
P111TM1	0.9707	0.0000	0.0000	0.0000	0.0000	0.0000	0.0293
P115HAU148	0.8231	0.0000	0.0000	0.0000	0.0994	0.0000	0.0774
P115HAU140	0.8330	0.0000	0.0000	0.0000	0.1299	0.0000	0.0372
P115HAU145	0.6851	0.0000	0.0000	0.0010	0.0910	0.0000	0.2229
P115HAU154	0.7413	0.0000	0.0000	0.0004	0.0760	0.0000	0.1823
P115HAU146	0.8588	0.0000	0.0000	0.0000	0.0410	0.0000	0.1002
P115HAU155	0.8801	0.0000	0.0000	0.0000	0.0476	0.0000	0.0723
P111SL542	0.8380	0.0000	0.0000	0.0000	0.0000	0.0000	0.1620
P115HAU027	0.7606	0.0000	0.0000	0.0000	0.2367	0.0000	0.0027
P115HAU050	0.9005	0.0000	0.0000	0.0000	0.0739	0.0010	0.0246
P115HAU077	0.8711	0.0000	0.0000	0.0000	0.0744	0.0000	0.0544
P115HAU120	0.6584	0.0000	0.0000	0.0080	0.2226	0.0000	0.1110
P115HAU038	0.6289	0.0000	0.0000	0.0003	0.2451	0.0000	0.1257
P115HAU068	0.8330	0.0000	0.0000	0.0000	0.0604	0.0000	0.1066
B11DIV195	0.7300	0.0000	0.0000	0.0000	0.0000	0.0050	0.2650
P111240RNR	0.6680	0.0000	0.0230	0.0000	0.0894	0.0000	0.2196
B11SA2401	0.5174	0.0000	0.0130	0.0000	0.0926	0.0000	0.3771
P115HU141	0.7123	0.0000	0.0000	0.0000	0.2394	0.0000	0.0483
P113XT6871	0.9029	0.0000	0.0000	0.0000	0.0343	0.0000	0.0629
P115HAU150	0.8350	0.0000	0.0000	0.0000	0.1236	0.0000	0.0414
