P404AD4-8	0.0000	0.2322	0.7655	0.0023	0.0000	0.0000	0.0000	0.0000
B40AD4-10	0.0000	0.2303	0.7616	0.0026	0.0016	0.0006	0.0014	0.0020
B40AD4-W	0.0000	0.2324	0.7665	0.0011	0.0000	0.0000	0.0000	0.0000
P401AD4	0.0010	0.2193	0.7764	0.0004	0.0010	0.0000	0.0000	0.0019
B40AD4-16	0.0000	0.2300	0.7700	0.0000	0.0000	0.0000	0.0000	0.0000
B12BPS1244	0.0000	0.2490	0.7510	0.0000	0.0000	0.0000	0.0000	0.0000
B12BPS1247	0.0000	0.1890	0.7984	0.0126	0.0000	0.0000	0.0000	0.0000
B12TX2276	0.0000	0.0870	0.8589	0.0513	0.0010	0.0013	0.0003	0.0003
B12TX2091	0.0000	0.0027	0.9887	0.0081	0.0000	0.0004	0.0000	0.0000
B12TX2090	0.0000	0.0026	0.9974	0.0000	0.0000	0.0000	0.0000	0.0000
B12TX2093	0.0000	0.0270	0.9624	0.0106	0.0000	0.0000	0.0000	0.0000
B12TX2092	0.0000	0.0113	0.9717	0.0170	0.0000	0.0000	0.0000	0.0000
B12TX1996	0.0000	0.0193	0.9547	0.0260	0.0000	0.0000	0.0000	0.0000
B12TX2095	0.0000	0.0130	0.9870	0.0000	0.0000	0.0000	0.0000	0.0000
P121TX2094	0.0029	0.0000	0.5196	0.3440	0.0689	0.0121	0.0097	0.0428
P124TX2094	0.0000	0.0000	0.9990	0.0000	0.0000	0.0010	0.0000	0.0000
B12TX1678	0.0000	0.0737	0.9263	0.0000	0.0000	0.0000	0.0000	0.0000
B12BPS1173	0.0000	0.1923	0.8077	0.0000	0.0000	0.0000	0.0000	0.0000
B12TX0969	0.0000	0.3950	0.6050	0.0000	0.0000	0.0000	0.0000	0.0000
B12TX0967	0.0000	0.4200	0.5800	0.0000	0.0000	0.0000	0.0000	0.0000
B12TX1894	0.0009	0.1217	0.8753	0.0000	0.0000	0.0010	0.0004	0.0007
B12TX1037	0.0000	0.0803	0.9197	0.0000	0.0000	0.0000	0.0000	0.0000
B12LKSP	0.0000	0.0610	0.9390	0.0000	0.0000	0.0000	0.0000	0.0000
B12BPS1206	0.0000	0.0533	0.9467	0.0000	0.0000	0.0000	0.0000	0.0000
B12TX2211	0.0000	0.0673	0.9290	0.0000	0.0000	0.0030	0.0000	0.0007
B12BPS1152	0.0000	0.0293	0.9707	0.0000	0.0000	0.0000	0.0000	0.0000
B12BPS1148	0.0000	0.0313	0.9687	0.0000	0.0000	0.0000	0.0000	0.0000
B12BPS1151	0.0000	0.0310	0.9690	0.0000	0.0000	0.0000	0.0000	0.0000
B12BPS1149	0.0000	0.0323	0.9677	0.0000	0.0000	0.0000	0.0000	0.0000
B12BPS1242	0.0069	0.2494	0.4712	0.1163	0.1222	0.0242	0.0096	0.0003
B12BPS1238	0.0000	0.7079	0.2921	0.0000	0.0000	0.0000	0.0000	0.0000
B12BPS1239	0.0000	0.7810	0.2190	0.0000	0.0000	0.0000	0.0000	0.0000
B12BPS1240	0.0000	0.6800	0.3200	0.0000	0.0000	0.0000	0.0000	0.0000
B12TX2495	0.0003	0.5320	0.0541	0.0071	0.2350	0.0293	0.1037	0.0384
B12TX2465	0.0109	0.6219	0.0744	0.0160	0.1563	0.0294	0.0609	0.0303
B12TX2487	0.0003	0.7533	0.0740	0.0000	0.1106	0.0000	0.0456	0.0162
B12TX2463	0.0223	0.7983	0.0736	0.0039	0.0556	0.0294	0.0157	0.0011
B12TX2470	0.0003	0.8218	0.0650	0.0010	0.0650	0.0307	0.0160	0.0003
B12TX2475	0.0306	0.7598	0.0975	0.0287	0.0626	0.0137	0.0000	0.0071
B12TX2482	0.0317	0.7680	0.0873	0.0404	0.0233	0.0443	0.0039	0.0011
B12TX2415	0.0000	0.8460	0.0863	0.0130	0.0026	0.0029	0.0489	0.0004
B12TX2489	0.0107	0.8544	0.0777	0.0013	0.0202	0.0000	0.0340	0.0017
B12TX1416	0.0253	0.8327	0.0944	0.0092	0.0296	0.0006	0.0000	0.0083
B12TX2417	0.0241	0.8120	0.0820	0.0086	0.0457	0.0027	0.0246	0.0003
B12TX1698	0.0007	0.8844	0.0770	0.0260	0.0000	0.0110	0.0000	0.0009
B12TX1705	0.0007	0.9626	0.0290	0.0074	0.0000	0.0000	0.0000	0.0003
B12TX0902	0.0000	0.9750	0.0250	0.0000	0.0000	0.0000	0.0000	0.0000
B12TX1931	0.0000	0.9880	0.0120	0.0000	0.0000	0.0000	0.0000	0.0000
B12TX1935	0.0000	0.9747	0.0243	0.0010	0.0000	0.0000	0.0000	0.0000
B12TX1066	0.0000	0.9820	0.0180	0.0000	0.0000	0.0000	0.0000	0.0000
B12TX1929	0.0000	0.9979	0.0021	0.0000	0.0000	0.0000	0.0000	0.0000
B12TX1920	0.0000	0.9950	0.0050	0.0000	0.0000	0.0000	0.0000	0.0000
B12TX0939	0.0000	0.9940	0.0060	0.0000	0.0000	0.0000	0.0000	0.0000
B12TX1957	0.0000	1.0000	0.0000	0.0000	0.0000	0.0000	0.0000	0.0000
B12TX1925	0.0000	1.0000	0.0000	0.0000	0.0000	0.0000	0.0000	0.0000
B12TX1592	0.0000	1.0000	0.0000	0.0000	0.0000	0.0000	0.0000	0.0000
B12TX0710	0.0003	0.9297	0.0000	0.0687	0.0000	0.0000	0.0010	0.0003
B12TX0713	0.0000	0.9307	0.0000	0.0690	0.0000	0.0000	0.0000	0.0003
B12TX0691	0.0000	0.9039	0.0000	0.0961	0.0000	0.0000	0.0000	0.0000
B12TX0956	0.0000	0.9060	0.0000	0.0940	0.0000	0.0000	0.0000	0.0000
B12TX0712	0.0000	0.9140	0.0000	0.0860	0.0000	0.0000	0.0000	0.0000
B12TX1594	0.0000	0.9683	0.0317	0.0000	0.0000	0.0000	0.0000	0.0000
B12TX1596	0.0489	0.8874	0.0240	0.0096	0.0000	0.0000	0.0133	0.0169
B12TX1833	0.0000	0.9930	0.0070	0.0000	0.0000	0.0000	0.0000	0.0000
B12TX1586	0.0066	0.9913	0.0013	0.0000	0.0000	0.0000	0.0000	0.0009
B12TX1582	0.0000	0.9890	0.0110	0.0000	0.0000	0.0000	0.0000	0.0000
B12TX1263	0.0000	0.9800	0.0200	0.0000	0.0000	0.0000	0.0000	0.0000
B12TX1792	0.0000	0.9870	0.0090	0.0000	0.0000	0.0016	0.0024	0.0000
B12TX1572	0.0000	0.9944	0.0056	0.0000	0.0000	0.0000	0.0000	0.0000
B12TX2207	0.0000	0.9790	0.0210	0.0000	0.0000	0.0000	0.0000	0.0000
B12TX2192	0.0000	0.9590	0.0410	0.0000	0.0000	0.0000	0.0000	0.0000
B12TX2213	0.0000	0.9760	0.0240	0.0000	0.0000	0.0000	0.0000	0.0000
B12TX2216	0.0010	0.9637	0.0253	0.0017	0.0000	0.0051	0.0010	0.0021
B12TX1874	0.0000	0.9400	0.0600	0.0000	0.0000	0.0000	0.0000	0.0000
B12TX2003	0.0000	0.9377	0.0620	0.0003	0.0000	0.0000	0.0000	0.0000
B12TX0674	0.0000	0.8620	0.1380	0.0000	0.0000	0.0000	0.0000	0.0000
B12TX1373	0.0000	0.8600	0.1400	0.0000	0.0000	0.0000	0.0000	0.0000
B12TX1367	0.0000	0.8630	0.1370	0.0000	0.0000	0.0000	0.0000	0.0000
B12TX1635	0.0000	1.0000	0.0000	0.0000	0.0000	0.0000	0.0000	0.0000
B12TX1629	0.0031	0.9567	0.0373	0.0000	0.0000	0.0000	0.0006	0.0023
B12TX1859	0.0000	0.9494	0.0506	0.0000	0.0000	0.0000	0.0000	0.0000
B12TX1236	0.0000	0.9730	0.0270	0.0000	0.0000	0.0000	0.0000	0.0000
B12TX1075	0.0000	1.0000	0.0000	0.0000	0.0000	0.0000	0.0000	0.0000
B12TX2284	0.0000	0.9943	0.0047	0.0000	0.0003	0.0000	0.0000	0.0007
B12TX1666	0.0000	0.9990	0.0000	0.0010	0.0000	0.0000	0.0000	0.0000
B12TX1496	0.0000	0.9684	0.0256	0.0060	0.0000	0.0000	0.0000	0.0000
B12TX1515	0.0189	0.8860	0.0623	0.0294	0.0016	0.0010	0.0009	0.0000
B12TX1514	0.0003	0.9370	0.0357	0.0004	0.0120	0.0000	0.0146	0.0000
B12TX1229	0.0000	0.9810	0.0190	0.0000	0.0000	0.0000	0.0000	0.0000
B12TX2246	0.0000	0.9743	0.0170	0.0087	0.0000	0.0000	0.0000	0.0000
B12TX2226	0.0000	0.9630	0.0370	0.0000	0.0000	0.0000	0.0000	0.0000
B12TX1690	0.0000	1.0000	0.0000	0.0000	0.0000	0.0000	0.0000	0.0000
B12TX1674	0.0016	0.9477	0.0240	0.0180	0.0007	0.0074	0.0000	0.0006
B12TX1694	0.0003	0.9620	0.0067	0.0020	0.0257	0.0014	0.0013	0.0006
B12TX1520	0.0000	0.9616	0.0056	0.0000	0.0110	0.0213	0.0006	0.0000
B12TX1503	0.0000	0.9827	0.0173	0.0000	0.0000	0.0000	0.0000	0.0000
B12TX1497	0.0000	1.0000	0.0000	0.0000	0.0000	0.0000	0.0000	0.0000
B12TX1487	0.0000	1.0000	0.0000	0.0000	0.0000	0.0000	0.0000	0.0000
B12TX1905	0.0000	1.0000	0.0000	0.0000	0.0000	0.0000	0.0000	0.0000
B12TX1288	0.0000	1.0000	0.0000	0.0000	0.0000	0.0000	0.0000	0.0000
B12TX1509	0.0000	0.9803	0.0090	0.0000	0.0103	0.0000	0.0000	0.0004
B12TX1286	0.0000	1.0000	0.0000	0.0000	0.0000	0.0000	0.0000	0.0000
B12TX1689	0.0000	1.0000	0.0000	0.0000	0.0000	0.0000	0.0000	0.0000
B12TX0834	0.0000	1.0000	0.0000	0.0000	0.0000	0.0000	0.0000	0.0000
B12TX1672	0.0000	1.0000	0.0000	0.0000	0.0000	0.0000	0.0000	0.0000
B12TX1245	0.0000	1.0000	0.0000	0.0000	0.0000	0.0000	0.0000	0.0000
B12TX2166	0.0000	0.9980	0.0000	0.0017	0.0000	0.0000	0.0000	0.0003
B12TX2160	0.0000	1.0000	0.0000	0.0000	0.0000	0.0000	0.0000	0.0000
B12TX1688	0.0000	0.9714	0.0286	0.0000	0.0000	0.0000	0.0000	0.0000
B12TX1273	0.0000	0.9640	0.0327	0.0000	0.0000	0.0000	0.0000	0.0033
B12TX2174	0.0003	0.9980	0.0000	0.0000	0.0014	0.0000	0.0000	0.0003
B12TX0853	0.0000	1.0000	0.0000	0.0000	0.0000	0.0000	0.0000	0.0000
B12TX1551	0.0000	1.0000	0.0000	0.0000	0.0000	0.0000	0.0000	0.0000
B12TX2247	0.0000	0.9920	0.0080	0.0000	0.0000	0.0000	0.0000	0.0000
B12TX1089	0.0000	1.0000	0.0000	0.0000	0.0000	0.0000	0.0000	0.0000
B12TX2277	0.0000	1.0000	0.0000	0.0000	0.0000	0.0000	0.0000	0.0000
B12TX1578	0.0000	1.0000	0.0000	0.0000	0.0000	0.0000	0.0000	0.0000
B12TX1579	0.0000	1.0000	0.0000	0.0000	0.0000	0.0000	0.0000	0.0000
B12TX2405	0.2004	0.6534	0.0117	0.0000	0.0000	0.0000	0.0686	0.0660
B12TX1661	0.0293	0.5056	0.0113	0.0000	0.2502	0.0882	0.0875	0.0280
B12TX1699	0.0010	0.4744	0.2018	0.3041	0.0181	0.0000	0.0003	0.0003
B12TX1712	0.1133	0.4490	0.0153	0.2540	0.0049	0.0010	0.0613	0.1013
B12TX2163	0.0111	0.4850	0.0000	0.0007	0.3576	0.0829	0.0556	0.0071
B12TX1009	0.0000	0.3913	0.0000	0.5397	0.0676	0.0014	0.0000	0.0000
B12TX1477	0.0006	0.6248	0.0054	0.3578	0.0000	0.0010	0.0104	0.0000
B12TX2335	0.0000	0.4040	0.0000	0.5960	0.0000	0.0000	0.0000	0.0000
B12TX2116	0.0000	0.4188	0.0000	0.5812	0.0000	0.0000	0.0000	0.0000
B12TX0390	0.0000	0.4462	0.0000	0.5272	0.0257	0.0009	0.0000	0.0000
B12TX1317	0.0066	0.3017	0.0364	0.4503	0.1255	0.0063	0.0723	0.0009
B12TX1855	0.0096	0.1709	0.0000	0.7841	0.0344	0.0003	0.0007	0.0000
B12TX0194	0.0050	0.0000	0.0043	0.7840	0.1671	0.0000	0.0396	0.0000
B12TX0147	0.0000	0.0000	0.0207	0.7540	0.1663	0.0000	0.0590	0.0000
P124TX0171	0.0041	0.0000	0.0150	0.7328	0.1803	0.0013	0.0643	0.0023
B12TX0286	0.0007	0.0003	0.0307	0.8914	0.0753	0.0013	0.0000	0.0003
B12TX0130	0.0000	0.0037	0.0366	0.8903	0.0694	0.0000	0.0000	0.0000
B12TX0279	0.0000	0.0000	0.5184	0.4648	0.0010	0.0157	0.0000	0.0000
B12TX1244	0.0453	0.1801	0.0493	0.5359	0.0050	0.0714	0.0120	0.1010
B12TX0746	0.0011	0.0070	0.0250	0.8544	0.1109	0.0004	0.0000	0.0011
B12TX0751	0.0382	0.0090	0.0363	0.8566	0.0573	0.0014	0.0011	0.0000
B12TX0012	0.0000	0.0027	0.0413	0.8272	0.1070	0.0006	0.0207	0.0004
B12TX0461	0.0007	0.0000	0.0620	0.7893	0.1136	0.0140	0.0184	0.0020
B12TX0014	0.0007	0.0000	0.0496	0.7953	0.1002	0.0437	0.0000	0.0106
P124TX0463	0.0080	0.0000	0.0540	0.8177	0.1128	0.0036	0.0004	0.0034
B12TX0009	0.0196	0.0076	0.0553	0.8215	0.0932	0.0000	0.0000	0.0029
B12TX2330	0.0000	0.0000	0.0540	0.8482	0.0818	0.0051	0.0103	0.0006
P124TX0246	0.0007	0.0000	0.0000	0.8221	0.1273	0.0336	0.0152	0.0011
B12TX0315	0.0000	0.0000	0.0000	1.0000	0.0000	0.0000	0.0000	0.0000
P124TX0236	0.0000	0.0000	0.0000	1.0000	0.0000	0.0000	0.0000	0.0000
B12TX2288	0.0000	0.0010	0.0000	0.9990	0.0000	0.0000	0.0000	0.0000
B12TX0249	0.0000	0.0000	0.0000	1.0000	0.0000	0.0000	0.0000	0.0000
B12TX0303	0.0000	0.0000	0.0000	1.0000	0.0000	0.0000	0.0000	0.0000
P124TX0368	0.0101	0.0000	0.0000	0.7486	0.1851	0.0196	0.0280	0.0086
B12TX1168	0.0003	0.0000	0.0000	0.7801	0.1866	0.0003	0.0053	0.0274
B12TX0044	0.0021	0.0000	0.0000	0.8072	0.1704	0.0071	0.0041	0.0090
P124TX0045	0.0221	0.0000	0.0000	0.4880	0.1753	0.1008	0.1920	0.0217
B12TX1105	0.0053	0.0000	0.0113	0.7455	0.1695	0.0417	0.0160	0.0107
P124TX0018	0.0216	0.0000	0.0000	0.7416	0.1948	0.0317	0.0026	0.0077
B12TX1102	0.0000	0.0020	0.0000	0.7665	0.1766	0.0466	0.0083	0.0000
B12TX0087	0.0010	0.0000	0.0000	0.5091	0.0590	0.4308	0.0000	0.0000
B12TX0248	0.0010	0.0000	0.0000	0.9990	0.0000	0.0000	0.0000	0.0000
B12TX1443	0.0000	0.0000	0.0000	0.9640	0.0000	0.0000	0.0206	0.0154
B12TX0756	0.0067	0.0040	0.0003	0.6963	0.1940	0.0173	0.0811	0.0003
B12TX1249	0.0000	0.1900	0.1730	0.5529	0.0371	0.0459	0.0000	0.0011
B12TX0786	0.0003	0.0130	0.0000	0.9222	0.0641	0.0000	0.0000	0.0004
B12TX1721	0.0650	0.0240	0.2474	0.2526	0.0260	0.0009	0.3472	0.0370
B12TX2249	0.0000	0.2780	0.4020	0.3170	0.0020	0.0000	0.0010	0.0000
B12BPS1207	0.0000	0.0516	0.6357	0.3127	0.0000	0.0000	0.0000	0.0000
B12TX2253	0.0000	0.0320	0.3353	0.6326	0.0000	0.0000	0.0000	0.0000
B12TX2252	0.0000	0.0310	0.3351	0.6339	0.0000	0.0000	0.0000	0.0000
B12TX1257	0.0006	0.0000	0.0150	0.6940	0.2337	0.0003	0.0562	0.0003
B12TX1183	0.0000	0.0000	0.0390	0.6754	0.2060	0.0099	0.0691	0.0006
B12TX1182	0.0011	0.0000	0.0294	0.6630	0.2119	0.0000	0.0875	0.0070
B12Gh2091	0.0445	0.0000	0.0473	0.7875	0.1089	0.0000	0.0036	0.0083
B12TX1115	0.0000	0.0000	0.0380	0.9290	0.0280	0.0000	0.0039	0.0011
B12TX1055	0.0000	0.0000	0.0000	1.0000	0.0000	0.0000	0.0000	0.0000
B12TX1110	0.0000	0.0000	0.0000	1.0000	0.0000	0.0000	0.0000	0.0000
B12TX1113	0.0000	0.0000	0.0000	1.0000	0.0000	0.0000	0.0000	0.0000
B12TX1349	0.0000	0.0000	0.0000	1.0000	0.0000	0.0000	0.0000	0.0000
B12TX2329	0.0000	0.0006	0.0000	0.9994	0.0000	0.0000	0.0000	0.0000
B12TX1292	0.0007	0.0000	0.0000	0.9990	0.0000	0.0000	0.0003	0.0000
B12TX0698	0.0000	0.0080	0.0230	0.9690	0.0000	0.0000	0.0000	0.0000
B12TX0959	0.0000	0.0000	0.0626	0.9374	0.0000	0.0000	0.0000	0.0000
B12TX1226	0.0141	0.0000	0.1640	0.7952	0.0020	0.0000	0.0019	0.0227
B12TX1459	0.0011	0.0076	0.2533	0.6834	0.0464	0.0003	0.0000	0.0079
B12TX0665	0.0023	0.0000	0.5790	0.4154	0.0000	0.0000	0.0000	0.0033
B12TX1228	0.0020	0.0000	0.3619	0.3223	0.1691	0.0000	0.1097	0.0350
B12TX0672	0.0221	0.0000	0.3007	0.1816	0.1164	0.0164	0.3401	0.0226
B12TX1975	0.2664	0.0000	0.4774	0.0434	0.0010	0.0079	0.0565	0.1475
B12TX1968	0.0000	0.0000	0.5101	0.4393	0.0506	0.0000	0.0000	0.0000
B12TX2081	0.0000	0.0000	0.9784	0.0210	0.0006	0.0000	0.0000	0.0000
B12TX1895	0.0000	0.0000	1.0000	0.0000	0.0000	0.0000	0.0000	0.0000
B12TX0481	0.0000	0.0000	1.0000	0.0000	0.0000	0.0000	0.0000	0.0000
B12TX0664	0.0000	0.0000	1.0000	0.0000	0.0000	0.0000	0.0000	0.0000
B12TX1107	0.0000	0.0010	0.9990	0.0000	0.0000	0.0000	0.0000	0.0000
B12TX1981	0.0000	0.0003	0.9837	0.0160	0.0000	0.0000	0.0000	0.0000
B12TX1982	0.0004	0.0230	0.9658	0.0087	0.0000	0.0000	0.0020	0.0000
B12TX1988	0.0000	0.0850	0.9150	0.0000	0.0000	0.0000	0.0000	0.0000
B12TX0670	0.0726	0.0180	0.5081	0.0000	0.2330	0.0460	0.0719	0.0504
B12TX1990	0.0000	0.0390	0.9607	0.0000	0.0000	0.0003	0.0000	0.0000
B12TX2228	0.0000	0.0000	1.0000	0.0000	0.0000	0.0000	0.0000	0.0000
B12TX0662	0.0000	0.0000	1.0000	0.0000	0.0000	0.0000	0.0000	0.0000
B12OWS	0.0000	0.0000	1.0000	0.0000	0.0000	0.0000	0.0000	0.0000
B12TX1748	0.0000	0.0000	1.0000	0.0000	0.0000	0.0000	0.0000	0.0000
B12TX1439	0.0000	0.0000	1.0000	0.0000	0.0000	0.0000	0.0000	0.0000
B12TX0480	0.0000	0.0000	1.0000	0.0000	0.0000	0.0000	0.0000	0.0000
B12TX1106	0.0000	0.0000	1.0000	0.0000	0.0000	0.0000	0.0000	0.0000
B12TX0069	0.0007	0.0003	0.9590	0.0400	0.0000	0.0000	0.0000	0.0000
B12TX1046	0.0034	0.0060	0.9558	0.0000	0.0023	0.0000	0.0312	0.0013
B12TX2400	0.0007	0.0470	0.9149	0.0014	0.0023	0.0000	0.0307	0.0030
B12TX2254	0.0016	0.2161	0.7391	0.0000	0.0390	0.0000	0.0030	0.0011
B12KLM1872	0.0000	0.4835	0.5008	0.0011	0.0053	0.0000	0.0080	0.0013
B12TX0879	0.0111	0.3431	0.5632	0.0257	0.0526	0.0000	0.0031	0.0011
B12TX0217	0.0000	0.0000	0.4724	0.3940	0.1336	0.0000	0.0000	0.0000
P121TX0231	0.0000	0.0000	0.9317	0.0430	0.0253	0.0000	0.0000	0.0000
B12TX0937	0.0034	0.0000	0.9030	0.0483	0.0356	0.0000	0.0093	0.0003
B12TX1111	0.0000	0.0000	0.8845	0.0545	0.0610	0.0000	0.0000	0.0000
B12TX0663	0.0000	0.0000	0.9903	0.0097	0.0000	0.0000	0.0000	0.0000
B12TX2089	0.0003	0.0000	0.8954	0.0992	0.0000	0.0000	0.0009	0.0043
B12TX2096	0.0000	0.0000	1.0000	0.0000	0.0000	0.0000	0.0000	0.0000
B12TX0686	0.0003	0.0100	0.8394	0.1142	0.0077	0.0000	0.0284	0.0000
B12BPS1157	0.0000	0.2640	0.7240	0.0110	0.0010	0.0000	0.0000	0.0000
B12TX1120	0.0039	0.0000	0.9944	0.0000	0.0000	0.0000	0.0000	0.0017
B12TX0668	0.0000	0.0000	1.0000	0.0000	0.0000	0.0000	0.0000	0.0000
B12TX1108	0.0000	0.0000	1.0000	0.0000	0.0000	0.0000	0.0000	0.0000
B12TX0487	0.0000	0.0000	1.0000	0.0000	0.0000	0.0000	0.0000	0.0000
B12TX0752	0.0000	0.0000	1.0000	0.0000	0.0000	0.0000	0.0000	0.0000
B12TX0953	0.0577	0.0260	0.0470	0.5753	0.1019	0.0390	0.0771	0.0760
B12TX0213	0.0000	0.0000	0.0000	0.8121	0.1869	0.0000	0.0010	0.0000
B12TX0006	0.0019	0.0000	0.0000	0.8512	0.1442	0.0013	0.0007	0.0007
B12TX0089	0.0000	0.0000	0.0000	0.7722	0.2251	0.0017	0.0004	0.0006
B12TX0634	0.0000	0.0000	0.0000	0.8252	0.1743	0.0000	0.0004	0.0000
B12TX0215	0.0000	0.0000	0.0000	0.7977	0.2019	0.0000	0.0004	0.0000
B12TX0200	0.0007	0.0000	0.0000	0.7874	0.2106	0.0000	0.0010	0.0003
B12TX0240	0.0000	0.0000	0.0000	0.8005	0.1995	0.0000	0.0000	0.0000
B12TX1453	0.0003	0.0000	0.0544	0.5463	0.3039	0.0010	0.0941	0.0000
B12TX0112	0.0076	0.0000	0.0000	0.5588	0.3168	0.0119	0.1004	0.0046
B12TX0109	0.0000	0.0000	0.0000	0.3622	0.4499	0.0457	0.1009	0.0413
B12TX0704	0.0036	0.0000	0.0000	0.3929	0.4234	0.0069	0.1296	0.0437
B11SA1456	0.0211	0.0000	0.0000	0.3483	0.1577	0.4331	0.0196	0.0201
B11SA0825	0.0418	0.0000	0.0000	0.2538	0.4932	0.1042	0.1022	0.0047
B11SA1250	0.0401	0.0000	0.0070	0.1761	0.4592	0.0670	0.2042	0.0464
B11SA1205	0.0514	0.0000	0.0000	0.0151	0.6681	0.0784	0.1714	0.0156
B11SA0084	0.0087	0.0000	0.0000	0.0104	0.6881	0.0727	0.1731	0.0469
P115HAU185	0.2829	0.0000	0.0000	0.0000	0.4977	0.0757	0.0763	0.0674
B11SA0668A	0.0724	0.0000	0.0000	0.0069	0.6277	0.0541	0.2056	0.0333
B11SA0002	0.0007	0.0000	0.0000	0.1700	0.5861	0.0879	0.1553	0.0000
B11SA0165	0.0620	0.0000	0.0454	0.0774	0.5526	0.0096	0.2514	0.0016
B11DIV293	0.0076	0.0000	0.0226	0.1304	0.5841	0.0350	0.1486	0.0718
B11SA1138	0.0682	0.0000	0.0000	0.1093	0.3945	0.1018	0.2840	0.0423
B11SA1237	0.1147	0.0000	0.0183	0.0794	0.5381	0.0437	0.1083	0.0974
B11SA1232	0.0576	0.0000	0.0527	0.1000	0.5514	0.0110	0.1799	0.0474
B11DIV213	0.0083	0.0000	0.0428	0.1114	0.6847	0.0003	0.1273	0.0253
B11SA1055	0.0007	0.0000	0.0190	0.1079	0.5244	0.0854	0.1929	0.0697
B11SA3308	0.0399	0.0493	0.1864	0.0594	0.3514	0.0233	0.2204	0.0699
B11SA3251	0.0037	0.0000	0.0000	0.0374	0.7207	0.0792	0.1584	0.0006
B11DIV308	0.0550	0.0000	0.0000	0.0253	0.6574	0.0044	0.2059	0.0520
B11SA1725	0.0596	0.0000	0.0000	0.0016	0.5826	0.2210	0.1341	0.0011
B11SA1230	0.0117	0.0000	0.0000	0.0000	0.6625	0.1665	0.1592	0.0000
B11SA2558	0.0886	0.0000	0.0030	0.0292	0.6708	0.1109	0.0976	0.0000
P115HAU159	0.0810	0.0000	0.0000	0.0000	0.8218	0.0530	0.0401	0.0040
P115HAU104	0.3855	0.0000	0.0000	0.0000	0.4016	0.0577	0.1320	0.0233
P115HAU047	0.1508	0.0000	0.0000	0.0000	0.6732	0.1503	0.0131	0.0126
B11SA0053	0.0037	0.0000	0.0000	0.0202	0.6913	0.1228	0.1432	0.0189
B11SA0159	0.0618	0.0000	0.0000	0.0007	0.5822	0.2381	0.0873	0.0299
B11DIV366	0.0000	0.0000	0.0000	0.0197	0.6645	0.0557	0.1843	0.0757
B11DIV037	0.0346	0.0000	0.0000	0.0259	0.5770	0.1073	0.2183	0.0370
B11DIV178	0.0054	0.0000	0.0000	0.0174	0.6351	0.0851	0.1737	0.0833
B11SA0883	0.0446	0.0000	0.0000	0.0000	0.5100	0.1263	0.2040	0.1151
P115HU133	0.1559	0.0000	0.0000	0.0017	0.5680	0.1205	0.1276	0.0263
B11SA2589	0.0436	0.0000	0.0000	0.0000	0.2658	0.6158	0.0619	0.0129
P115HU271	0.1233	0.0000	0.0000	0.0362	0.6161	0.1062	0.0769	0.0413
B11SA0186	0.0000	0.0000	0.0020	0.0414	0.5569	0.2601	0.1255	0.0141
P115HAU124	0.2847	0.0000	0.0000	0.0000	0.4031	0.1409	0.0963	0.0751
B11SA0333	0.0133	0.0000	0.0000	0.0000	0.4117	0.1981	0.2540	0.1229
B11SA1166	0.0573	0.0000	0.0000	0.0000	0.4675	0.0364	0.4216	0.0171
B11SA0857	0.1690	0.0000	0.0000	0.0000	0.2539	0.1259	0.3017	0.1496
P113Ug4	0.4473	0.0000	0.0000	0.0000	0.2616	0.0006	0.1989	0.0917
B11SA1766	0.2688	0.0000	0.0160	0.0000	0.2341	0.0019	0.3463	0.1329
B11SA3332	0.0094	0.0000	0.0325	0.0000	0.5699	0.0000	0.2627	0.1255
B11DIV034	0.2107	0.0000	0.0133	0.0000	0.3807	0.0027	0.2134	0.1792
B11SA3335	0.0203	0.0000	0.0070	0.0077	0.4914	0.1082	0.2638	0.1016
B11SA0982	0.1091	0.0000	0.0097	0.0190	0.6571	0.0000	0.1682	0.0369
B11DIV306	0.1257	0.0000	0.0103	0.0080	0.6580	0.0026	0.1480	0.0475
B11SA0904	0.1408	0.0000	0.0000	0.0000	0.5973	0.0000	0.1911	0.0709
B11DIV012	0.1315	0.0000	0.0000	0.0163	0.4138	0.0409	0.2886	0.1090
B11SA1291	0.0423	0.0000	0.0120	0.0000	0.5707	0.0011	0.2763	0.0976
B11SA0238	0.0337	0.0000	0.0000	0.0117	0.5569	0.0000	0.2893	0.1084
B11DIV058	0.0472	0.0000	0.0124	0.0000	0.5869	0.0000	0.2615	0.0920
P115HAU072	0.1854	0.0000	0.0113	0.0000	0.4196	0.1141	0.1812	0.0885
B11SA1263	0.0071	0.0000	0.0070	0.0000	0.3962	0.3181	0.2168	0.0549
B11SA1278	0.0009	0.0000	0.0230	0.0000	0.3661	0.2810	0.2368	0.0922
B11SA3489	0.0063	0.0000	0.0200	0.0003	0.6382	0.0000	0.2516	0.0836
B11SA2356	0.0084	0.0000	0.0230	0.0016	0.5431	0.0016	0.2744	0.1479
P115HAU176	0.4001	0.0000	0.0000	0.0000	0.4173	0.0000	0.1643	0.0183
P115HAU121	0.2779	0.0000	0.0000	0.0210	0.5559	0.0000	0.1128	0.0324
P115HAU123	0.4310	0.0000	0.0000	0.0000	0.3114	0.0201	0.1835	0.0540
P115HAU180	0.4638	0.0000	0.0000	0.0000	0.3362	0.0007	0.1771	0.0223
P115HAU248	0.4766	0.0000	0.0000	0.0006	0.2672	0.1257	0.0917	0.0383
P115HAU070	0.4914	0.0000	0.0000	0.0000	0.3696	0.0114	0.0948	0.0328
P115HAU071	0.4904	0.0000	0.0000	0.0000	0.3691	0.0133	0.0951	0.0320
P115HAU126	0.3716	0.0000	0.0000	0.0000	0.4089	0.0364	0.1657	0.0174
P115HAU275	0.1599	0.0000	0.0000	0.0000	0.7379	0.0000	0.1023	0.0000
P115HAU270	0.1554	0.0000	0.0000	0.0000	0.7380	0.0003	0.1063	0.0000
P115HAU279	0.5171	0.0000	0.0000	0.0000	0.1795	0.0000	0.2608	0.0426
P115HAU277	0.4529	0.0000	0.0000	0.0000	0.1223	0.0000	0.4080	0.0169
P115HAU278	0.4403	0.0000	0.0000	0.0000	0.2110	0.0000	0.3281	0.0206
P115HAU280	0.4417	0.0000	0.0000	0.0000	0.1904	0.0000	0.3487	0.0191
P115HAU165	0.5012	0.0000	0.0000	0.0000	0.2663	0.0423	0.1303	0.0599
P115HAU119	0.4362	0.0000	0.0064	0.0094	0.2309	0.0409	0.2401	0.0360
P115HAU196	0.3533	0.0000	0.0000	0.0469	0.3871	0.0004	0.1263	0.0860
P115HAU112	0.3368	0.0000	0.0000	0.0394	0.3489	0.0003	0.2478	0.0267
P115HAU181	0.3975	0.0000	0.0000	0.0000	0.0732	0.0543	0.3984	0.0766
P115HAU105	0.5158	0.0000	0.0000	0.0000	0.0976	0.0000	0.3681	0.0186
P113JinM33	0.4807	0.0000	0.0000	0.0000	0.0009	0.0308	0.4033	0.0843
P111Cok312	0.2447	0.0000	0.0000	0.0000	0.0184	0.0721	0.5874	0.0773
B11SA3403	0.2835	0.0000	0.0000	0.0000	0.0000	0.0000	0.6859	0.0306
B11SA3360	0.2745	0.0000	0.0000	0.0000	0.0000	0.0006	0.6752	0.0497
P112Cok315	0.3285	0.0000	0.0000	0.0000	0.0000	0.0004	0.6076	0.0635
B11SA1184	0.2889	0.0000	0.0000	0.0000	0.0000	0.0000	0.6774	0.0337
B11SA2374	0.2083	0.0000	0.0000	0.0000	0.0000	0.0000	0.7433	0.0484
B11DIV230	0.0856	0.0140	0.0069	0.0000	0.0039	0.2580	0.5916	0.0400
P115HAU274	0.2484	0.0000	0.0000	0.0000	0.0000	0.0000	0.7451	0.0066
B11DIV079	0.1409	0.0000	0.0000	0.0000	0.0000	0.0193	0.7588	0.0809
P115HU018	0.5245	0.0000	0.0000	0.0000	0.0813	0.0617	0.3054	0.0271
P115HAU163	0.6612	0.0000	0.0000	0.0000	0.0014	0.0000	0.2732	0.0642
P115HAU106	0.6726	0.0000	0.0000	0.0000	0.0000	0.0000	0.2676	0.0597
P115HAU113	0.3718	0.0000	0.0000	0.0000	0.0031	0.0306	0.5790	0.0154
P117ST2B	0.2970	0.0000	0.0000	0.0000	0.0031	0.0146	0.6710	0.0143
B11DIV141	0.2396	0.0000	0.0000	0.0000	0.0079	0.0733	0.6790	0.0003
B11DIV074	0.1435	0.0000	0.0000	0.0000	0.1461	0.0380	0.6724	0.0000
B11DIV298	0.0366	0.0000	0.0599	0.0006	0.2794	0.0754	0.4929	0.0553
B11SA0965	0.2388	0.0000	0.0000	0.0000	0.1519	0.0224	0.5751	0.0117
B11SA1533	0.1344	0.0000	0.0000	0.0070	0.1478	0.1434	0.4674	0.1001
B11SA1427	0.3356	0.0000	0.0000	0.0000	0.1905	0.0909	0.3034	0.0795
B11SA1428	0.3076	0.0000	0.0020	0.0000	0.1816	0.0871	0.3389	0.0829
B11SA0881	0.2057	0.0000	0.0000	0.0000	0.1809	0.0853	0.5221	0.0060
B11SA1111	0.1411	0.0000	0.0000	0.0000	0.1625	0.3844	0.3120	0.0000
B11SA0940	0.2264	0.0000	0.0000	0.0000	0.2119	0.0859	0.4704	0.0054
B11SA1156	0.1845	0.0000	0.0000	0.0000	0.0210	0.0026	0.6449	0.1470
P115HAU079	0.3385	0.0000	0.0000	0.0000	0.0000	0.0000	0.6383	0.0232
P115HAU044	0.2034	0.0000	0.0000	0.0000	0.0713	0.0550	0.6581	0.0123
P115HAU043	0.2034	0.0000	0.0000	0.0000	0.0713	0.0552	0.6587	0.0114
B11SA1759	0.1731	0.0000	0.0094	0.0000	0.1196	0.2129	0.4263	0.0587
B11SA3444	0.2233	0.0000	0.0090	0.0328	0.1756	0.2219	0.2726	0.0647
P111PD1	0.0932	0.0000	0.0000	0.0014	0.0759	0.1479	0.6083	0.0734
B11DIV255	0.0577	0.0000	0.0010	0.0094	0.1032	0.5113	0.2710	0.0464
B11DIV256	0.1084	0.0000	0.0000	0.0000	0.0566	0.2545	0.4943	0.0863
B11DIV263	0.3163	0.0000	0.0000	0.0000	0.0526	0.1430	0.4053	0.0829
B11DIV273	0.1722	0.0000	0.0000	0.0000	0.0266	0.1044	0.6003	0.0966
B11DIV269	0.1634	0.0000	0.0000	0.0000	0.0167	0.0867	0.6924	0.0407
B11SA2260	0.0861	0.0000	0.0011	0.0000	0.0407	0.1325	0.6362	0.1033
B11SA1665	0.1032	0.0000	0.0000	0.0000	0.0522	0.1128	0.7133	0.0186
B11SA3778	0.0283	0.0000	0.0000	0.0000	0.0276	0.1240	0.7249	0.0953
B11SA1596	0.0000	0.0000	0.0000	0.0000	0.1482	0.1655	0.6382	0.0480
B11DIV134	0.0000	0.0000	0.0000	0.0000	0.1938	0.2505	0.4799	0.0758
B11DIV249	0.0000	0.0000	0.0000	0.0000	0.1642	0.2954	0.4874	0.0530
B11DIV002	0.0010	0.0000	0.0000	0.0000	0.2134	0.1908	0.5546	0.0401
B11DIV382	0.0722	0.0000	0.0000	0.0000	0.2184	0.0233	0.6007	0.0854
B11SA0582	0.0184	0.0000	0.0171	0.0167	0.3133	0.1179	0.4629	0.0535
B11DIV310	0.0069	0.0010	0.0057	0.0000	0.4555	0.1134	0.2993	0.1182
B11DIV184	0.0072	0.0000	0.0000	0.0000	0.4826	0.0092	0.3885	0.1125
B11DIV305	0.0046	0.0000	0.0027	0.0000	0.3988	0.0380	0.4214	0.1345
B11DIV136	0.1867	0.0000	0.0000	0.0197	0.0753	0.2175	0.3977	0.1031
P114SA0592	0.0036	0.0000	0.0064	0.0000	0.2263	0.0741	0.6111	0.0784
B11SA1212	0.0951	0.0000	0.0000	0.0000	0.0067	0.1651	0.7313	0.0017
P115HAU085	0.3387	0.0000	0.0000	0.0000	0.0752	0.0766	0.3089	0.2006
B11DIV138	0.2991	0.0000	0.0000	0.0000	0.0850	0.0027	0.5043	0.1089
B11DIV046	0.0911	0.0000	0.0236	0.0060	0.2703	0.1356	0.3351	0.1383
B11SA1349	0.0359	0.0000	0.0030	0.0000	0.2119	0.1689	0.5017	0.0787
B11SA3413	0.0745	0.0000	0.0425	0.0586	0.2901	0.0706	0.3726	0.0912
B11SA3493	0.1898	0.0000	0.0070	0.0007	0.0406	0.1372	0.4500	0.1747
B11SA3477	0.0478	0.0000	0.0000	0.0000	0.0251	0.2484	0.4701	0.2085
B11SA2375	0.0232	0.0004	0.0070	0.0000	0.0463	0.3555	0.4563	0.1113
B11SA1710	0.1482	0.0000	0.0000	0.0736	0.0000	0.2991	0.3871	0.0919
B11DIV211	0.1256	0.0000	0.0000	0.0826	0.0003	0.2684	0.4350	0.0881
B11SA1694	0.0746	0.0000	0.0778	0.0004	0.0106	0.0678	0.5993	0.1695
B11SA2606	0.0320	0.0310	0.1360	0.0594	0.1837	0.0401	0.3901	0.1276
B11DIV206	0.0277	0.0000	0.0060	0.0000	0.1337	0.2889	0.3620	0.1817
B11DIV351	0.0166	0.0000	0.0000	0.0000	0.0000	0.2146	0.6025	0.1663
B11DIV347	0.0665	0.0000	0.0000	0.0000	0.0573	0.1969	0.5320	0.1473
B11DIV066	0.0555	0.0000	0.0009	0.0000	0.0112	0.1643	0.6491	0.1191
B11DIV063	0.0203	0.0000	0.0000	0.0000	0.0116	0.1736	0.6721	0.1224
B11DIV319	0.0229	0.0000	0.0000	0.0000	0.0119	0.0978	0.6575	0.2100
P111TamSph	0.0603	0.0000	0.0000	0.0000	0.0409	0.0737	0.6530	0.1721
P112TP	0.1410	0.0000	0.0000	0.0000	0.0150	0.0726	0.6594	0.1120
B11SA3777	0.0649	0.0000	0.0000	0.0000	0.0506	0.3617	0.4283	0.0946
B11SA2057	0.0007	0.0000	0.0010	0.0000	0.1159	0.5211	0.3363	0.0250
B11SA0298	0.0006	0.0000	0.0000	0.0000	0.0896	0.4661	0.3891	0.0546
P115HAU276	0.2973	0.0000	0.0000	0.0134	0.1092	0.2132	0.2332	0.1337
P115HAU273	0.2890	0.0000	0.0000	0.0020	0.1129	0.2616	0.2329	0.1015
B11DIV272	0.1679	0.0000	0.0000	0.0296	0.1268	0.2101	0.4454	0.0203
B11DIV040	0.0784	0.0000	0.0000	0.0234	0.0554	0.5731	0.2414	0.0283
B11SA0718	0.1248	0.0000	0.0000	0.0327	0.1275	0.5530	0.1302	0.0317
B11SA1424	0.2163	0.0000	0.0000	0.0309	0.4236	0.1480	0.1639	0.0174
P115HAU110	0.3137	0.0000	0.0000	0.0120	0.4536	0.1490	0.0223	0.0494
B11DIV322	0.0139	0.0000	0.0000	0.0204	0.3114	0.2801	0.2831	0.0910
P115HAU208	0.1324	0.0000	0.0000	0.0334	0.4724	0.0948	0.2180	0.0490
B11SA0815	0.0661	0.0000	0.0000	0.0717	0.2581	0.3152	0.2651	0.0238
B11DIV373	0.1318	0.0000	0.0000	0.0000	0.0120	0.4787	0.3775	0.0000
B11SA1019	0.0572	0.0000	0.0000	0.0000	0.3408	0.4531	0.1191	0.0299
B11DIV209	0.0945	0.0000	0.0000	0.0000	0.1536	0.4373	0.3146	0.0000
B11DIV048	0.1286	0.0000	0.0000	0.0900	0.0000	0.3150	0.4293	0.0371
P116D531C	0.4023	0.0000	0.0000	0.0000	0.0020	0.4169	0.0978	0.0811
B11SA1703	0.0913	0.0000	0.0000	0.0950	0.0000	0.4243	0.2897	0.0996
B11DIV199	0.1194	0.0000	0.0050	0.0016	0.0007	0.4129	0.3822	0.0783
B11DIV289	0.2057	0.0000	0.0000	0.0000	0.0000	0.5446	0.1719	0.0779
B11SA1044	0.2051	0.0000	0.0000	0.0000	0.0000	0.5369	0.2183	0.0397
B11SA1006	0.1795	0.0000	0.0000	0.0000	0.0000	0.5947	0.2008	0.0250
B11SA0369	0.2306	0.0000	0.0000	0.0000	0.2478	0.2906	0.1616	0.0694
B11DIV030	0.1610	0.0000	0.0126	0.0000	0.3467	0.0745	0.3973	0.0080
B11DIV033	0.1438	0.0000	0.0129	0.0000	0.4234	0.3025	0.1006	0.0169
B11DIV364	0.1254	0.0000	0.0121	0.0000	0.4231	0.3072	0.1170	0.0152
B11DIV264	0.1526	0.0000	0.0114	0.0000	0.4136	0.2998	0.1045	0.0180
B11DIV232	0.3899	0.0000	0.0000	0.0000	0.0000	0.2907	0.1901	0.1293
B11SA0892	0.4967	0.0000	0.0000	0.0000	0.0000	0.2672	0.0978	0.1383
P116DixieK	0.4181	0.0000	0.0000	0.0000	0.0000	0.4034	0.0884	0.0900
P115HU213	0.6452	0.0000	0.0000	0.0000	0.0079	0.0586	0.1503	0.1381
P115HAU137	0.2454	0.0000	0.0000	0.0000	0.2477	0.1143	0.3482	0.0444
P115HAU090	0.2294	0.0000	0.0000	0.0000	0.2909	0.2294	0.2409	0.0094
B11SA0311	0.2019	0.0000	0.0000	0.0000	0.1966	0.2597	0.3339	0.0080
B11DIV243	0.0912	0.0000	0.0000	0.0097	0.1209	0.5232	0.2148	0.0401
B11DIV169	0.0000	0.0000	0.0000	0.0000	0.1862	0.4328	0.3805	0.0004
B11DIV119	0.1461	0.0000	0.0000	0.0000	0.0150	0.4640	0.1846	0.1903
P111HS26	0.0808	0.0000	0.0000	0.0000	0.0473	0.5281	0.2649	0.0789
P114SA3783	0.1029	0.0000	0.0000	0.0000	0.0344	0.4264	0.3038	0.1324
B11DIV245	0.0349	0.0000	0.0010	0.0000	0.0141	0.4681	0.3519	0.1300
B11SA2895	0.0006	0.0000	0.0064	0.0007	0.0803	0.5774	0.2887	0.0459
B11SA3340	0.0011	0.0000	0.0000	0.0000	0.1438	0.6659	0.1564	0.0329
B11DIV237	0.0014	0.0000	0.0000	0.0000	0.1117	0.6833	0.2011	0.0024
B11SA1139	0.0019	0.0000	0.0000	0.0000	0.1957	0.7176	0.0814	0.0034
B11SA2580	0.0000	0.0000	0.0000	0.0000	0.1087	0.6653	0.1142	0.1118
B11DIV055	0.0641	0.0120	0.0507	0.0010	0.0830	0.5095	0.1319	0.1478
B11DIV246	0.0797	0.0000	0.0000	0.0000	0.0508	0.6377	0.1862	0.0456
B11DIV316	0.1275	0.0000	0.0000	0.0103	0.0227	0.4865	0.1985	0.1545
B11DIV096	0.1015	0.0000	0.0000	0.0000	0.0497	0.6908	0.1563	0.0017
B11DIV296	0.0023	0.0000	0.0000	0.0000	0.0276	0.8836	0.0500	0.0366
B11SA1181	0.0000	0.0000	0.0000	0.0000	0.0000	0.7159	0.2841	0.0000
B11DIV007	0.0000	0.0000	0.0000	0.0000	0.0000	0.9976	0.0000	0.0024
B11SA3193	0.0020	0.0000	0.0000	0.0000	0.0019	0.7942	0.2012	0.0007
B11DIV226	0.0000	0.0000	0.0000	0.0000	0.0000	1.0000	0.0000	0.0000
P111Maxxa	0.0507	0.0000	0.0000	0.0000	0.0000	0.9339	0.0000	0.0154
B11DIV059	0.0344	0.0000	0.0000	0.0000	0.0000	0.9536	0.0000	0.0120
P112AU	0.1230	0.0000	0.0000	0.0000	0.0000	0.6980	0.0990	0.0800
B11DIV380	0.0017	0.0000	0.0000	0.0000	0.0000	0.9733	0.0250	0.0000
B11SA3781	0.0455	0.0000	0.0000	0.0000	0.0069	0.9425	0.0000	0.0051
B11SA1913	0.0006	0.0000	0.0000	0.0000	0.0000	0.9254	0.0479	0.0261
B11SA1845	0.0003	0.0390	0.1535	0.0044	0.0030	0.7017	0.0634	0.0347
B11SA2330	0.0003	0.0000	0.0000	0.0000	0.1320	0.4421	0.2828	0.1427
B11DIV363	0.0020	0.0000	0.0000	0.0066	0.3264	0.5242	0.1391	0.0017
B11SA3284	0.1401	0.0000	0.0000	0.0000	0.0892	0.4679	0.2580	0.0447
P115HU130	0.2216	0.0000	0.0000	0.0000	0.5047	0.2279	0.0376	0.0083
B11SA3256	0.1314	0.0000	0.0153	0.0000	0.2533	0.3186	0.1311	0.1505
P115HAU223	0.1399	0.0000	0.0000	0.0000	0.4296	0.3937	0.0004	0.0363
P115HAU091	0.1941	0.0000	0.0000	0.0000	0.2825	0.4391	0.0709	0.0134
P115HAU186	0.3040	0.0000	0.0000	0.0000	0.3961	0.2726	0.0116	0.0157
P115HAU224	0.1581	0.0000	0.0000	0.0000	0.5551	0.2791	0.0017	0.0060
P115HU131	0.2742	0.0000	0.0000	0.0000	0.4273	0.2954	0.0000	0.0031
P115HAU254	0.3674	0.0000	0.0000	0.0000	0.3745	0.2322	0.0073	0.0186
P115HAU225	0.1013	0.0000	0.0000	0.0000	0.5823	0.3045	0.0007	0.0112
P115HAU179	0.1865	0.0000	0.0000	0.0000	0.6186	0.1829	0.0020	0.0100
P115HAU212	0.0797	0.0000	0.0000	0.0000	0.5378	0.3117	0.0231	0.0477
P115HAU202	0.1228	0.0000	0.0000	0.0000	0.6409	0.2357	0.0000	0.0006
P115HAU116	0.1106	0.0000	0.0000	0.0000	0.6319	0.2571	0.0004	0.0000
P115HAU039	0.1224	0.0000	0.0000	0.0000	0.5067	0.3004	0.0286	0.0419
P115HAU034	0.1962	0.0000	0.0000	0.0000	0.3335	0.4372	0.0243	0.0089
P115HAU037	0.3994	0.0000	0.0050	0.0173	0.2914	0.2353	0.0290	0.0226
P115HAU040	0.0777	0.0000	0.0000	0.0106	0.4338	0.4590	0.0000	0.0189
P115HAU017	0.2641	0.0000	0.0000	0.0000	0.3836	0.2290	0.0640	0.0594
P115HAU264	0.4128	0.0000	0.0000	0.0059	0.2908	0.2556	0.0000	0.0349
P115HAU263	0.4346	0.0000	0.0000	0.0000	0.3150	0.2198	0.0000	0.0306
P115HAU231	0.4130	0.0000	0.0000	0.0000	0.3519	0.2114	0.0000	0.0237
B11SA3452	0.0024	0.0000	0.0240	0.0510	0.5120	0.2889	0.1127	0.0090
B11SA1403	0.0170	0.0000	0.0000	0.0000	0.1657	0.8164	0.0000	0.0009
B11SA1406	0.0010	0.0000	0.0000	0.0000	0.3781	0.6209	0.0000	0.0000
B11SA3390	0.0000	0.0000	0.2511	0.0653	0.2532	0.4304	0.0000	0.0000
B11SA1392	0.0000	0.0000	0.0000	0.0000	0.3501	0.6499	0.0000	0.0000
B11DIV355	0.0000	0.0000	0.0000	0.0000	0.3474	0.6526	0.0000	0.0000
P117XLZ42	0.1882	0.0000	0.0000	0.0219	0.4645	0.3016	0.0077	0.0160
P115HAU258	0.2459	0.0000	0.0000	0.0000	0.4068	0.3261	0.0004	0.0207
P115HAU257	0.2599	0.0000	0.0000	0.0000	0.4837	0.2421	0.0000	0.0143
P115HAU228	0.2738	0.0000	0.0000	0.0000	0.2474	0.4598	0.0030	0.0160
P115HAU229	0.2549	0.0000	0.0000	0.0000	0.4253	0.2904	0.0004	0.0290
P115HAU033	0.0646	0.0000	0.0000	0.0190	0.4981	0.4112	0.0000	0.0071
P115HAU251	0.0746	0.0000	0.0000	0.0210	0.5039	0.3920	0.0004	0.0080
P115HAU203	0.5147	0.0000	0.0000	0.0000	0.1878	0.1145	0.1575	0.0254
B11SA3338	0.3002	0.0000	0.0000	0.0114	0.2000	0.2393	0.1767	0.0724
P115HAU098	0.3099	0.0000	0.0000	0.0000	0.3779	0.1774	0.1261	0.0087
P115HAU169	0.5613	0.0000	0.0000	0.0000	0.2396	0.0934	0.0763	0.0294
P113Zh9807	0.3632	0.0000	0.0000	0.0000	0.1881	0.0476	0.2733	0.1278
P115HAU097	0.4319	0.0000	0.0000	0.0000	0.2507	0.0983	0.1652	0.0539
P115HAU093	0.6663	0.0000	0.0000	0.0000	0.2827	0.0186	0.0004	0.0320
P113Zh9612	0.7506	0.0000	0.0000	0.0000	0.1220	0.0070	0.0690	0.0514
P113CRI12	0.7596	0.0000	0.0000	0.0000	0.1210	0.0099	0.0597	0.0498
P115HAU074	0.3914	0.0000	0.0000	0.0000	0.3894	0.0160	0.1891	0.0140
P115HAU167	0.3437	0.0000	0.0000	0.0000	0.5481	0.0007	0.0978	0.0097
P115HAU012	0.1515	0.0000	0.0000	0.0000	0.6413	0.0006	0.1651	0.0415
P115HAU132	0.2474	0.0000	0.0000	0.0000	0.5584	0.1149	0.0676	0.0117
P115HAU171	0.1897	0.0000	0.0000	0.0000	0.6171	0.1405	0.0410	0.0117
P115HAU182	0.1734	0.0000	0.0000	0.0000	0.5958	0.1276	0.1015	0.0017
P115HAU168	0.2834	0.0000	0.0000	0.0000	0.4618	0.1868	0.0357	0.0323
P115HAU157	0.5353	0.0000	0.0000	0.0000	0.1989	0.0376	0.1710	0.0573
P115HAU206	0.5569	0.0000	0.0000	0.0000	0.1023	0.0976	0.1935	0.0497
P115HAU252	0.5070	0.0000	0.0000	0.0000	0.1091	0.0256	0.2177	0.1406
P115HAU007	0.3755	0.0000	0.0000	0.0103	0.2718	0.0004	0.2190	0.1231
P115HAU094	0.5165	0.0000	0.0000	0.0000	0.1361	0.1391	0.0433	0.1650
P115HAU175	0.5472	0.0000	0.0000	0.0000	0.0607	0.0574	0.1688	0.1659
P115HAU170	0.4128	0.0000	0.0000	0.0000	0.2309	0.0337	0.2567	0.0659
P115HAU245	0.5034	0.0000	0.0000	0.0000	0.1461	0.0937	0.1044	0.1524
P115HAU204	0.4955	0.0000	0.0000	0.0000	0.3174	0.0763	0.0000	0.1108
P115HAU025	0.5613	0.0000	0.0000	0.0047	0.1976	0.0755	0.0457	0.1152
P115HAU232	0.5109	0.0000	0.0167	0.0003	0.0983	0.0610	0.1766	0.1362
P115HAU262	0.2926	0.0000	0.0060	0.0000	0.1778	0.2702	0.0904	0.1630
P115HAU266	0.5139	0.0000	0.0020	0.0000	0.2286	0.1485	0.0464	0.0606
P115HAU156	0.4694	0.0000	0.0000	0.0000	0.2622	0.1846	0.0732	0.0106
P115HAU013	0.4927	0.0000	0.0000	0.0000	0.2864	0.2137	0.0000	0.0071
P115HAU135	0.3304	0.0000	0.0000	0.0000	0.4081	0.2526	0.0000	0.0089
P115HAU011	0.5930	0.0000	0.0000	0.0000	0.3079	0.0837	0.0021	0.0131
P115HAU173	0.5910	0.0000	0.0000	0.0000	0.2600	0.1305	0.0000	0.0186
P115HAU227	0.5760	0.0000	0.0000	0.0000	0.2679	0.1369	0.0000	0.0191
B11SA1420	0.5240	0.0000	0.0000	0.0000	0.3072	0.1688	0.0000	0.0000
P115HAU255	0.3627	0.0000	0.0000	0.0000	0.4486	0.1824	0.0000	0.0063
P115HAU183	0.4240	0.0000	0.0000	0.0000	0.3254	0.2034	0.0009	0.0463
P115HAU014	0.3718	0.0000	0.0000	0.0000	0.3719	0.1807	0.0000	0.0756
P115HAU184	0.3837	0.0000	0.0000	0.0000	0.3201	0.2537	0.0000	0.0424
P115HAU127	0.6614	0.0000	0.0000	0.0000	0.0150	0.0829	0.1819	0.0588
P115HAU016	0.6975	0.0000	0.0000	0.0000	0.0837	0.0677	0.0948	0.0563
P115HAU128	0.6538	0.0000	0.0000	0.0000	0.0594	0.0592	0.1328	0.0948
P115HAU172	0.7068	0.0000	0.0000	0.0000	0.1015	0.0123	0.0413	0.1381
P115HAU247	0.6962	0.0000	0.0000	0.0000	0.0759	0.0000	0.0906	0.1373
P115HAU240	0.6254	0.0000	0.0000	0.0000	0.1889	0.0432	0.0858	0.0567
P115HAU249	0.6010	0.0000	0.0000	0.0000	0.1416	0.0000	0.1189	0.1385
P115HAU036	0.5534	0.0000	0.0000	0.0000	0.2373	0.1564	0.0191	0.0337
P115HAU032	0.5975	0.0000	0.0000	0.0000	0.2262	0.0573	0.1087	0.0103
P115HAU226	0.6627	0.0000	0.0000	0.0000	0.1524	0.0808	0.0838	0.0203
P115HAU242	0.6029	0.0000	0.0000	0.0000	0.2405	0.0000	0.1394	0.0171
P115HAU092	0.8497	0.0000	0.0000	0.0000	0.0819	0.0053	0.0234	0.0397
P115HAU009	0.6254	0.0000	0.0000	0.0423	0.2718	0.0014	0.0303	0.0288
P115HAU253	0.7382	0.0000	0.0000	0.0000	0.2061	0.0000	0.0063	0.0494
P115HAU261	0.5451	0.0000	0.0000	0.0000	0.2389	0.1381	0.0447	0.0331
P115HAU100	0.8291	0.0000	0.0000	0.0000	0.1125	0.0000	0.0176	0.0409
P115HAU099	0.8165	0.0000	0.0000	0.0000	0.1196	0.0000	0.0247	0.0391
P115HAU246	0.5437	0.0000	0.0000	0.0000	0.1040	0.1861	0.0929	0.0733
P115HAU189	0.4804	0.0000	0.0000	0.0000	0.1537	0.1672	0.1401	0.0586
P115HAU210	0.5820	0.0000	0.0000	0.0000	0.1355	0.0905	0.1024	0.0895
P115HAU207	0.5533	0.0000	0.0000	0.0000	0.0423	0.3125	0.0004	0.0915
P115HAU174	0.4784	0.0000	0.0000	0.0000	0.1646	0.0342	0.1730	0.1498
P115HAU056	0.5016	0.0000	0.0000	0.0000	0.1890	0.0643	0.1562	0.0888
P115HAU151	0.4063	0.0000	0.0000	0.0030	0.2239	0.0597	0.2005	0.1065
P115HAU142	0.4367	0.0000	0.0000	0.0000	0.2119	0.0676	0.1721	0.1117
P115HAU125	0.7427	0.0000	0.0010	0.0000	0.1170	0.0101	0.0806	0.0486
P115HAU216	0.6402	0.0000	0.0000	0.0000	0.1499	0.0250	0.0709	0.1140
P113CRI35	0.5152	0.0000	0.0060	0.0000	0.1327	0.0111	0.1432	0.1918
P113XY9648	0.4373	0.0000	0.0003	0.0000	0.1751	0.0347	0.1574	0.1951
P113KHW164	0.4613	0.0000	0.0024	0.0000	0.2194	0.0423	0.1528	0.1218
P115HAU234	0.8258	0.0000	0.0000	0.0000	0.0377	0.0434	0.0414	0.0517
P115HAU235	0.6340	0.0000	0.0000	0.0000	0.1484	0.0003	0.1499	0.0674
P115HAU205	0.6570	0.0000	0.0000	0.0000	0.0213	0.0003	0.0579	0.2636
P115HAU002	0.5396	0.0000	0.0000	0.0000	0.0727	0.1370	0.1580	0.0926
P115HAU019	0.4409	0.0000	0.0000	0.0000	0.3042	0.0567	0.1246	0.0736
P115HAU102	0.3635	0.0000	0.0000	0.0000	0.1553	0.3243	0.1074	0.0495
P115HAU115	0.6344	0.0000	0.0000	0.0047	0.0714	0.0506	0.1614	0.0775
P117SiM2	0.6475	0.0000	0.0000	0.0000	0.0270	0.0482	0.2336	0.0437
P115HAU069	0.7179	0.0000	0.0000	0.0000	0.0313	0.0456	0.1844	0.0208
P115HAU215	0.6693	0.0000	0.0000	0.0000	0.0243	0.0097	0.1446	0.1520
P115HAU139	0.7951	0.0000	0.0000	0.0000	0.0003	0.0000	0.1200	0.0846
P115HAU051	0.6521	0.0000	0.0000	0.0000	0.0629	0.0106	0.2570	0.0174
P115HAU160	0.7339	0.0000	0.0000	0.0000	0.0689	0.0109	0.1280	0.0583
P115HAU211	0.6324	0.0000	0.0000	0.0000	0.0266	0.0209	0.2616	0.0586
P115HAU239	0.6773	0.0000	0.0000	0.0000	0.0677	0.0019	0.1444	0.1087
B11SA1419	0.3061	0.0000	0.0000	0.0000	0.1716	0.2397	0.2467	0.0359
P115HAU073	0.5701	0.0000	0.0000	0.0000	0.0000	0.0080	0.2465	0.1754
P115HAU220	0.6000	0.0000	0.0000	0.0000	0.0527	0.0047	0.1809	0.1617
P115HAU022	0.7516	0.0000	0.0000	0.0000	0.0000	0.0199	0.0988	0.1297
P115HAU063	0.7645	0.0000	0.0000	0.0000	0.0000	0.0000	0.1391	0.0964
P115HAU084	0.7771	0.0000	0.0000	0.0000	0.0000	0.0033	0.0330	0.1866
P115HAU243	0.7135	0.0000	0.0000	0.0000	0.0000	0.0000	0.1285	0.1580
P113JinM20	0.7767	0.0000	0.0000	0.0000	0.0317	0.0000	0.1184	0.0731
P115HAU065	0.6493	0.0000	0.0000	0.0000	0.1367	0.0157	0.0713	0.1271
P115HAU200	0.5795	0.0000	0.0000	0.0000	0.0526	0.0000	0.2345	0.1334
P115HAU107	0.5832	0.0000	0.0000	0.0000	0.0535	0.0000	0.2379	0.1254
P115HAU029	0.7968	0.0000	0.0000	0.0000	0.0189	0.0033	0.1053	0.0757
P117CIR12	0.8075	0.0000	0.0000	0.0000	0.0007	0.0000	0.0824	0.1093
P115HAU066	0.8866	0.0000	0.0000	0.0000	0.0069	0.0179	0.0226	0.0661
P115HAU190	0.9256	0.0000	0.0000	0.0000	0.0000	0.0000	0.0047	0.0697
P115HAU030	0.8874	0.0000	0.0000	0.0000	0.0000	0.0089	0.0000	0.1037
P113YuM11	0.8960	0.0000	0.0000	0.0000	0.0000	0.0000	0.0266	0.0774
P115HAU006	0.8235	0.0000	0.0014	0.0000	0.0183	0.0003	0.0973	0.0591
P115HAU005	0.8343	0.0000	0.0014	0.0000	0.0163	0.0006	0.0914	0.0561
P117SY321	0.8978	0.0000	0.0000	0.0000	0.0000	0.0000	0.0194	0.0828
P115HAU122	0.9146	0.0000	0.0000	0.0000	0.0000	0.0000	0.0009	0.0846
P115HAU188	0.7163	0.0000	0.0000	0.0000	0.0006	0.0000	0.0910	0.1921
P115HAU194	0.5190	0.0000	0.0000	0.0000	0.0000	0.0000	0.0397	0.4413
P115HAU250	0.6373	0.0000	0.0000	0.0000	0.0460	0.0311	0.0004	0.2851
P113Zh571	0.3992	0.0000	0.0000	0.0000	0.0000	0.0014	0.1605	0.4389
P115HAU087	0.6313	0.0000	0.0000	0.0000	0.0000	0.0000	0.0099	0.3589
P115HAU020	0.6400	0.0000	0.0000	0.0000	0.0000	0.0000	0.0137	0.3463
P115HAU214	0.7957	0.0000	0.0020	0.0000	0.0003	0.0039	0.1242	0.0740
P115HAU001	0.7136	0.0000	0.0000	0.0000	0.0293	0.0211	0.1538	0.0822
P115HAU101	0.7765	0.0000	0.0000	0.0000	0.0249	0.0676	0.0550	0.0760
P115HAU129	0.6097	0.0000	0.0000	0.0000	0.0230	0.0391	0.1414	0.1867
P117C86	0.7546	0.0000	0.0000	0.0000	0.0000	0.0293	0.1175	0.0985
P115HAU064	0.6805	0.0000	0.0000	0.0000	0.0004	0.0026	0.2100	0.1065
P115HAU082	0.7067	0.0000	0.0000	0.0000	0.0387	0.0000	0.1186	0.1360
