P404AD4-8	0.0000	0.0000	0.0000	0.0000	0.0000	0.0000	0.0000	1.0000	0.0000
B40AD4-10	0.0007	0.0000	0.0000	0.0000	0.0000	0.0000	0.0008	0.9962	0.0023
B40AD4-W	0.0000	0.0000	0.0000	0.0000	0.0000	0.0000	0.0000	1.0000	0.0000
P401AD4	0.0000	0.0000	0.0000	0.0000	0.0000	0.0000	0.0000	1.0000	0.0000
B40AD4-16	0.0000	0.0000	0.0000	0.0000	0.0000	0.0000	0.0000	1.0000	0.0000
B12BPS1244	0.0000	0.1320	0.0000	0.0000	0.0000	0.0000	0.0000	0.8680	0.0000
B12BPS1247	0.0000	0.0848	0.0480	0.0150	0.0000	0.0000	0.0000	0.8521	0.0000
B12TX2276	0.0000	0.0190	0.1041	0.0459	0.0012	0.0000	0.0000	0.8296	0.0003
B12TX2091	0.0000	0.0000	0.1633	0.0000	0.0000	0.0000	0.0000	0.8367	0.0000
B12TX2090	0.0000	0.0000	0.1470	0.0000	0.0000	0.0000	0.0000	0.8530	0.0000
B12TX2093	0.0000	0.0050	0.1866	0.0033	0.0000	0.0000	0.0000	0.8051	0.0000
B12TX2092	0.0000	0.0000	0.1991	0.0005	0.0000	0.0000	0.0000	0.8004	0.0000
B12TX1996	0.0000	0.0000	0.2442	0.0222	0.0000	0.0000	0.0000	0.7332	0.0003
B12TX2095	0.0000	0.0000	0.2110	0.0000	0.0000	0.0000	0.0000	0.7890	0.0000
P121TX2094	0.0267	0.0000	0.0852	0.3425	0.0318	0.0060	0.0120	0.4253	0.0705
P124TX2094	0.0000	0.0000	0.1880	0.0000	0.0000	0.0000	0.0000	0.8120	0.0000
B12TX1678	0.0000	0.0010	0.0000	0.0000	0.0000	0.0000	0.0000	0.9990	0.0000
B12BPS1173	0.0000	0.0792	0.0000	0.0000	0.0000	0.0000	0.0000	0.9208	0.0000
B12TX0969	0.0000	0.2760	0.0000	0.0000	0.0000	0.0000	0.0000	0.7240	0.0000
B12TX0967	0.0000	0.3000	0.0000	0.0000	0.0000	0.0000	0.0000	0.7000	0.0000
B12TX1894	0.0035	0.0220	0.0000	0.0000	0.0000	0.0013	0.0007	0.9718	0.0007
B12TX1037	0.0000	0.0000	0.0000	0.0000	0.0000	0.0000	0.0000	1.0000	0.0000
B12LKSP	0.0000	0.0000	0.0000	0.0000	0.0000	0.0000	0.0000	1.0000	0.0000
B12BPS1206	0.0000	0.0000	0.0000	0.0000	0.0000	0.0000	0.0000	1.0000	0.0000
B12TX2211	0.0008	0.0000	0.0000	0.0000	0.0000	0.0018	0.0030	0.9940	0.0003
B12BPS1152	0.0000	0.0000	0.0000	0.0000	0.0000	0.0000	0.0000	1.0000	0.0000
B12BPS1148	0.0000	0.0000	0.0000	0.0000	0.0000	0.0000	0.0000	1.0000	0.0000
B12BPS1151	0.0000	0.0000	0.0000	0.0000	0.0000	0.0000	0.0000	1.0000	0.0000
B12BPS1149	0.0000	0.0000	0.0000	0.0000	0.0000	0.0000	0.0000	1.0000	0.0000
B12BPS1242	0.0028	0.2120	0.1875	0.1115	0.0813	0.0085	0.0032	0.3193	0.0739
B12BPS1238	0.0000	0.6499	0.0182	0.0000	0.0000	0.0000	0.0000	0.3319	0.0000
B12BPS1239	0.0000	0.7090	0.0000	0.0000	0.0000	0.0000	0.0000	0.2910	0.0000
B12BPS1240	0.0000	0.5871	0.0000	0.0000	0.0000	0.0000	0.0000	0.4129	0.0000
B12TX2495	0.0005	0.5283	0.0420	0.0062	0.1414	0.0592	0.0572	0.0125	0.1527
B12TX2465	0.0420	0.6111	0.0400	0.0085	0.1061	0.0327	0.0222	0.0462	0.0913
B12TX2487	0.0005	0.7390	0.0350	0.0000	0.0750	0.0002	0.0383	0.0540	0.0580
B12TX2463	0.0085	0.7813	0.0253	0.0020	0.0460	0.0250	0.0152	0.0659	0.0308
B12TX2470	0.0000	0.8071	0.0293	0.0003	0.0430	0.0233	0.0052	0.0510	0.0407
B12TX2475	0.0368	0.7471	0.0543	0.0263	0.0373	0.0110	0.0000	0.0570	0.0302
B12TX2482	0.0375	0.7543	0.0460	0.0413	0.0068	0.0398	0.0047	0.0565	0.0130
B12TX2415	0.0000	0.8280	0.0338	0.0057	0.0008	0.0013	0.0387	0.0745	0.0172
B12TX2489	0.0158	0.8353	0.0245	0.0007	0.0052	0.0000	0.0217	0.0730	0.0238
B12TX1416	0.0294	0.8185	0.0559	0.0078	0.0330	0.0000	0.0000	0.0552	0.0002
B12TX2417	0.0118	0.8015	0.0550	0.0065	0.0481	0.0010	0.0250	0.0385	0.0127
B12TX1698	0.0003	0.8686	0.0320	0.0243	0.0000	0.0127	0.0000	0.0617	0.0003
B12TX1705	0.0005	0.9563	0.0224	0.0068	0.0000	0.0000	0.0000	0.0139	0.0002
B12TX0902	0.0000	0.9665	0.0160	0.0000	0.0000	0.0000	0.0000	0.0175	0.0000
B12TX1931	0.0000	0.9840	0.0150	0.0000	0.0000	0.0000	0.0000	0.0010	0.0000
B12TX1935	0.0000	0.9662	0.0170	0.0005	0.0000	0.0000	0.0000	0.0163	0.0000
B12TX1066	0.0000	0.9730	0.0110	0.0002	0.0000	0.0000	0.0000	0.0158	0.0000
B12TX1929	0.0000	0.9920	0.0080	0.0000	0.0000	0.0000	0.0000	0.0000	0.0000
B12TX1920	0.0000	0.9908	0.0090	0.0002	0.0000	0.0000	0.0000	0.0000	0.0000
B12TX0939	0.0000	0.9875	0.0047	0.0000	0.0000	0.0000	0.0000	0.0078	0.0000
B12TX1957	0.0000	0.9952	0.0048	0.0000	0.0000	0.0000	0.0000	0.0000	0.0000
B12TX1925	0.0000	1.0000	0.0000	0.0000	0.0000	0.0000	0.0000	0.0000	0.0000
B12TX1592	0.0000	1.0000	0.0000	0.0000	0.0000	0.0000	0.0000	0.0000	0.0000
B12TX0710	0.0000	0.9273	0.0000	0.0720	0.0000	0.0000	0.0007	0.0000	0.0000
B12TX0713	0.0000	0.9282	0.0000	0.0718	0.0000	0.0000	0.0000	0.0000	0.0000
B12TX0691	0.0000	0.8990	0.0000	0.1010	0.0000	0.0000	0.0000	0.0000	0.0000
B12TX0956	0.0000	0.9020	0.0000	0.0977	0.0000	0.0000	0.0000	0.0003	0.0000
B12TX0712	0.0000	0.9093	0.0000	0.0900	0.0000	0.0000	0.0000	0.0007	0.0000
B12TX1594	0.0000	0.9600	0.0200	0.0000	0.0000	0.0000	0.0000	0.0200	0.0000
B12TX1596	0.0540	0.8751	0.0025	0.0120	0.0023	0.0000	0.0221	0.0318	0.0002
B12TX1833	0.0000	0.9830	0.0000	0.0000	0.0000	0.0000	0.0000	0.0170	0.0000
B12TX1586	0.0077	0.9858	0.0008	0.0000	0.0000	0.0000	0.0002	0.0055	0.0000
B12TX1582	0.0000	0.9772	0.0020	0.0000	0.0000	0.0000	0.0000	0.0208	0.0000
B12TX1263	0.0000	0.9666	0.0003	0.0000	0.0000	0.0000	0.0000	0.0330	0.0000
B12TX1792	0.0000	0.9792	0.0000	0.0000	0.0007	0.0000	0.0028	0.0170	0.0003
B12TX1572	0.0000	0.9895	0.0008	0.0000	0.0000	0.0000	0.0000	0.0097	0.0000
B12TX2207	0.0000	0.9670	0.0000	0.0000	0.0000	0.0000	0.0000	0.0330	0.0000
B12TX2192	0.0000	0.9410	0.0000	0.0000	0.0000	0.0000	0.0000	0.0590	0.0000
B12TX2213	0.0000	0.9630	0.0000	0.0000	0.0000	0.0000	0.0000	0.0370	0.0000
B12TX2216	0.0017	0.9518	0.0000	0.0013	0.0013	0.0048	0.0005	0.0380	0.0005
B12TX1874	0.0000	0.9450	0.0550	0.0000	0.0000	0.0000	0.0000	0.0000	0.0000
B12TX2003	0.0000	0.9426	0.0570	0.0003	0.0000	0.0000	0.0000	0.0000	0.0000
B12TX0674	0.0000	0.8726	0.1274	0.0000	0.0000	0.0000	0.0000	0.0000	0.0000
B12TX1373	0.0000	0.8670	0.1330	0.0000	0.0000	0.0000	0.0000	0.0000	0.0000
B12TX1367	0.0000	0.8698	0.1302	0.0000	0.0000	0.0000	0.0000	0.0000	0.0000
B12TX1635	0.0000	1.0000	0.0000	0.0000	0.0000	0.0000	0.0000	0.0000	0.0000
B12TX1629	0.0005	0.9535	0.0250	0.0000	0.0000	0.0000	0.0007	0.0122	0.0082
B12TX1859	0.0000	0.9540	0.0460	0.0000	0.0000	0.0000	0.0000	0.0000	0.0000
B12TX1236	0.0000	0.9590	0.0000	0.0000	0.0000	0.0000	0.0000	0.0410	0.0000
B12TX1075	0.0000	1.0000	0.0000	0.0000	0.0000	0.0000	0.0000	0.0000	0.0000
B12TX2284	0.0000	0.9837	0.0000	0.0000	0.0000	0.0000	0.0003	0.0160	0.0000
B12TX1666	0.0000	0.9970	0.0000	0.0030	0.0000	0.0000	0.0000	0.0000	0.0000
B12TX1496	0.0000	0.9672	0.0220	0.0067	0.0000	0.0000	0.0000	0.0042	0.0000
B12TX1515	0.0127	0.8692	0.0183	0.0262	0.0093	0.0000	0.0003	0.0631	0.0008
B12TX1514	0.0000	0.9271	0.0173	0.0000	0.0020	0.0000	0.0040	0.0282	0.0213
B12TX1229	0.0000	0.9682	0.0040	0.0000	0.0000	0.0000	0.0000	0.0278	0.0000
B12TX2246	0.0000	0.9600	0.0000	0.0080	0.0000	0.0000	0.0000	0.0320	0.0000
B12TX2226	0.0000	0.9420	0.0000	0.0000	0.0000	0.0000	0.0000	0.0580	0.0000
B12TX1690	0.0000	1.0000	0.0000	0.0000	0.0000	0.0000	0.0000	0.0000	0.0000
B12TX1674	0.0012	0.9365	0.0110	0.0173	0.0002	0.0068	0.0003	0.0250	0.0017
B12TX1694	0.0000	0.9500	0.0000	0.0000	0.0053	0.0000	0.0005	0.0215	0.0227
B12TX1520	0.0000	0.9512	0.0000	0.0000	0.0115	0.0193	0.0000	0.0180	0.0000
B12TX1503	0.0000	0.9726	0.0000	0.0000	0.0000	0.0000	0.0000	0.0274	0.0000
B12TX1497	0.0000	0.9980	0.0000	0.0000	0.0000	0.0000	0.0000	0.0020	0.0000
B12TX1487	0.0000	1.0000	0.0000	0.0000	0.0000	0.0000	0.0000	0.0000	0.0000
B12TX1905	0.0000	0.9983	0.0000	0.0000	0.0000	0.0000	0.0000	0.0017	0.0000
B12TX1288	0.0000	1.0000	0.0000	0.0000	0.0000	0.0000	0.0000	0.0000	0.0000
B12TX1509	0.0000	0.9742	0.0060	0.0000	0.0053	0.0000	0.0003	0.0100	0.0042
B12TX1286	0.0000	1.0000	0.0000	0.0000	0.0000	0.0000	0.0000	0.0000	0.0000
B12TX1689	0.0000	1.0000	0.0000	0.0000	0.0000	0.0000	0.0000	0.0000	0.0000
B12TX0834	0.0000	0.9890	0.0000	0.0000	0.0000	0.0000	0.0000	0.0110	0.0000
B12TX1672	0.0000	0.9923	0.0000	0.0000	0.0000	0.0000	0.0000	0.0077	0.0000
B12TX1245	0.0000	0.9952	0.0000	0.0000	0.0000	0.0000	0.0000	0.0048	0.0000
B12TX2166	0.0000	0.9905	0.0000	0.0005	0.0000	0.0000	0.0000	0.0090	0.0000
B12TX2160	0.0000	0.9973	0.0000	0.0000	0.0000	0.0000	0.0000	0.0027	0.0000
B12TX1688	0.0000	0.9580	0.0050	0.0000	0.0000	0.0000	0.0000	0.0370	0.0000
B12TX1273	0.0000	0.9340	0.0000	0.0000	0.0000	0.0000	0.0000	0.0658	0.0002
B12TX2174	0.0010	0.9972	0.0000	0.0002	0.0003	0.0000	0.0000	0.0000	0.0013
B12TX0853	0.0000	1.0000	0.0000	0.0000	0.0000	0.0000	0.0000	0.0000	0.0000
B12TX1551	0.0000	1.0000	0.0000	0.0000	0.0000	0.0000	0.0000	0.0000	0.0000
B12TX2247	0.0000	0.9850	0.0000	0.0000	0.0000	0.0000	0.0000	0.0150	0.0000
B12TX1089	0.0000	1.0000	0.0000	0.0000	0.0000	0.0000	0.0000	0.0000	0.0000
B12TX2277	0.0000	0.9830	0.0000	0.0000	0.0000	0.0000	0.0000	0.0170	0.0000
B12TX1578	0.0000	0.9998	0.0000	0.0000	0.0000	0.0000	0.0000	0.0002	0.0000
B12TX1579	0.0000	1.0000	0.0000	0.0000	0.0000	0.0000	0.0000	0.0000	0.0000
B12TX2405	0.2247	0.6490	0.0005	0.0000	0.0000	0.0000	0.1056	0.0152	0.0050
B12TX1661	0.0591	0.4980	0.0003	0.0000	0.1023	0.0940	0.0360	0.0130	0.1972
B12TX1699	0.0008	0.4781	0.1787	0.3042	0.0047	0.0000	0.0003	0.0180	0.0152
B12TX1712	0.1798	0.4357	0.0000	0.2444	0.0008	0.0007	0.0733	0.0353	0.0300
B12TX2163	0.0080	0.4818	0.0000	0.0017	0.2977	0.0675	0.0152	0.0013	0.1268
B12TX1009	0.0000	0.3899	0.0000	0.5363	0.0208	0.0017	0.0000	0.0000	0.0513
B12TX1477	0.0000	0.6093	0.0000	0.3495	0.0000	0.0015	0.0092	0.0305	0.0000
B12TX2335	0.0000	0.4007	0.0000	0.5993	0.0000	0.0000	0.0000	0.0000	0.0000
B12TX2116	0.0000	0.4143	0.0000	0.5847	0.0000	0.0000	0.0000	0.0010	0.0000
B12TX0390	0.0000	0.4439	0.0000	0.5294	0.0102	0.0012	0.0000	0.0010	0.0143
B12TX1317	0.0027	0.2581	0.0000	0.4147	0.0573	0.0070	0.0607	0.1151	0.0844
B12TX1855	0.0040	0.1694	0.0000	0.7878	0.0212	0.0000	0.0003	0.0000	0.0173
B12TX0194	0.0008	0.0000	0.0118	0.7696	0.0947	0.0000	0.0238	0.0000	0.0992
B12TX0147	0.0000	0.0000	0.0230	0.7368	0.0606	0.0002	0.0227	0.0002	0.1565
P124TX0171	0.0030	0.0000	0.0192	0.7250	0.1038	0.0008	0.0497	0.0000	0.0985
B12TX0286	0.0002	0.0000	0.0260	0.8850	0.0524	0.0008	0.0002	0.0097	0.0258
B12TX0130	0.0000	0.0037	0.0383	0.8851	0.0400	0.0000	0.0000	0.0010	0.0318
B12TX0279	0.0000	0.0000	0.5153	0.4664	0.0002	0.0180	0.0000	0.0000	0.0002
B12TX1244	0.1093	0.1810	0.0463	0.5315	0.0008	0.0828	0.0052	0.0020	0.0410
B12TX0746	0.0048	0.0060	0.0198	0.8500	0.0584	0.0000	0.0000	0.0105	0.0505
B12TX0751	0.0227	0.0075	0.0290	0.8538	0.0562	0.0010	0.0005	0.0120	0.0173
B12TX0012	0.0003	0.0013	0.0303	0.8213	0.0418	0.0005	0.0070	0.0148	0.0825
B12TX0461	0.0007	0.0000	0.0282	0.7833	0.0345	0.0218	0.0080	0.0342	0.0893
B12TX0014	0.0090	0.0000	0.0193	0.7874	0.0382	0.0374	0.0000	0.0352	0.0735
P124TX0463	0.0130	0.0000	0.0192	0.8104	0.0445	0.0010	0.0002	0.0362	0.0756
B12TX0009	0.0320	0.0053	0.0304	0.8252	0.0335	0.0000	0.0000	0.0270	0.0465
B12TX2330	0.0005	0.0000	0.0380	0.8359	0.0260	0.0130	0.0028	0.0214	0.0624
P124TX0246	0.0012	0.0000	0.0002	0.8149	0.0750	0.0232	0.0045	0.0000	0.0810
B12TX0315	0.0000	0.0000	0.0000	1.0000	0.0000	0.0000	0.0000	0.0000	0.0000
P124TX0236	0.0000	0.0000	0.0000	1.0000	0.0000	0.0000	0.0000	0.0000	0.0000
B12TX2288	0.0000	0.0010	0.0000	0.9990	0.0000	0.0000	0.0000	0.0000	0.0000
B12TX0249	0.0000	0.0000	0.0000	1.0000	0.0000	0.0000	0.0000	0.0000	0.0000
B12TX0303	0.0000	0.0000	0.0000	1.0000	0.0000	0.0000	0.0000	0.0000	0.0000
P124TX0368	0.0018	0.0000	0.0000	0.7440	0.1057	0.0138	0.0242	0.0000	0.1105
B12TX1168	0.0010	0.0000	0.0000	0.7720	0.1081	0.0000	0.0020	0.0000	0.1169
B12TX0044	0.0005	0.0000	0.0000	0.8000	0.0869	0.0067	0.0007	0.0000	0.1052
P124TX0045	0.0150	0.0000	0.0000	0.4821	0.1158	0.0946	0.1768	0.0000	0.1156
B12TX1105	0.0045	0.0000	0.0028	0.7441	0.0735	0.0412	0.0028	0.0018	0.1292
P124TX0018	0.0092	0.0000	0.0000	0.7413	0.1359	0.0202	0.0068	0.0000	0.0866
B12TX1102	0.0000	0.0020	0.0000	0.7615	0.0851	0.0425	0.0008	0.0000	0.1080
B12TX0087	0.0038	0.0000	0.0000	0.5098	0.0707	0.4043	0.0000	0.0000	0.0113
B12TX0248	0.0003	0.0000	0.0000	0.9995	0.0000	0.0000	0.0000	0.0000	0.0002
B12TX1443	0.0000	0.0000	0.0000	0.9646	0.0000	0.0077	0.0227	0.0000	0.0050
B12TX0756	0.0013	0.0017	0.0000	0.6867	0.1139	0.0058	0.0674	0.0045	0.1187
B12TX1249	0.0000	0.1359	0.0000	0.5286	0.0112	0.0315	0.0000	0.2510	0.0419
B12TX0786	0.0005	0.0093	0.0000	0.9154	0.0230	0.0000	0.0007	0.0103	0.0408
B12TX1721	0.0440	0.0280	0.2201	0.2674	0.0057	0.0277	0.3593	0.0205	0.0275
B12TX2249	0.0000	0.2958	0.3490	0.3220	0.0003	0.0000	0.0000	0.0282	0.0047
B12BPS1207	0.0000	0.0200	0.1560	0.3139	0.0000	0.0000	0.0000	0.5101	0.0000
B12TX2253	0.0000	0.0385	0.3111	0.6409	0.0000	0.0000	0.0000	0.0095	0.0000
B12TX2252	0.0000	0.0373	0.3101	0.6425	0.0000	0.0000	0.0000	0.0100	0.0000
B12TX1257	0.0000	0.0000	0.0308	0.6733	0.1335	0.0000	0.0277	0.0000	0.1347
B12TX1183	0.0000	0.0000	0.0612	0.6444	0.1098	0.0170	0.0378	0.0000	0.1297
B12TX1182	0.0027	0.0000	0.0560	0.6322	0.1592	0.0003	0.0599	0.0000	0.0897
B12Gh2091	0.0487	0.0000	0.0792	0.7545	0.0627	0.0000	0.0027	0.0000	0.0523
B12TX1115	0.0007	0.0000	0.0617	0.9076	0.0138	0.0000	0.0103	0.0000	0.0058
B12TX1055	0.0000	0.0000	0.0077	0.9923	0.0000	0.0000	0.0000	0.0000	0.0000
B12TX1110	0.0000	0.0000	0.0000	1.0000	0.0000	0.0000	0.0000	0.0000	0.0000
B12TX1113	0.0000	0.0000	0.0365	0.9635	0.0000	0.0000	0.0000	0.0000	0.0000
B12TX1349	0.0000	0.0000	0.0354	0.9646	0.0000	0.0000	0.0000	0.0000	0.0000
B12TX2329	0.0000	0.0000	0.0243	0.9757	0.0000	0.0000	0.0000	0.0000	0.0000
B12TX1292	0.0010	0.0000	0.0313	0.9658	0.0002	0.0000	0.0013	0.0000	0.0003
B12TX0698	0.0000	0.0087	0.0298	0.9611	0.0000	0.0000	0.0000	0.0003	0.0000
B12TX0959	0.0000	0.0000	0.1022	0.8978	0.0000	0.0000	0.0000	0.0000	0.0000
B12TX1226	0.0278	0.0000	0.1961	0.7639	0.0002	0.0000	0.0052	0.0000	0.0068
B12TX1459	0.0000	0.0123	0.2367	0.6737	0.0499	0.0005	0.0000	0.0230	0.0038
B12TX0665	0.0007	0.0000	0.5866	0.4126	0.0000	0.0000	0.0000	0.0000	0.0002
B12TX1228	0.0188	0.0000	0.3716	0.3206	0.0685	0.0000	0.0749	0.0000	0.1455
B12TX0672	0.0015	0.0000	0.3056	0.1807	0.0795	0.0403	0.3212	0.0000	0.0712
B12TX1975	0.3804	0.0000	0.4867	0.0360	0.0002	0.0170	0.0328	0.0000	0.0470
B12TX1968	0.0000	0.0000	0.5042	0.4552	0.0170	0.0000	0.0000	0.0013	0.0223
B12TX2081	0.0000	0.0000	0.9822	0.0098	0.0025	0.0000	0.0015	0.0000	0.0040
B12TX1895	0.0000	0.0000	1.0000	0.0000	0.0000	0.0000	0.0000	0.0000	0.0000
B12TX0481	0.0000	0.0000	1.0000	0.0000	0.0000	0.0000	0.0000	0.0000	0.0000
B12TX0664	0.0000	0.0000	1.0000	0.0000	0.0000	0.0000	0.0000	0.0000	0.0000
B12TX1107	0.0000	0.0020	0.9980	0.0000	0.0000	0.0000	0.0000	0.0000	0.0000
B12TX1981	0.0000	0.0140	0.9390	0.0260	0.0000	0.0000	0.0000	0.0210	0.0000
B12TX1982	0.0000	0.0357	0.8876	0.0162	0.0002	0.0000	0.0058	0.0540	0.0005
B12TX1988	0.0000	0.1155	0.8828	0.0000	0.0000	0.0000	0.0000	0.0017	0.0000
B12TX0670	0.1086	0.0258	0.4811	0.0002	0.1128	0.0788	0.0145	0.0163	0.1619
B12TX1990	0.0003	0.0592	0.9209	0.0000	0.0002	0.0038	0.0000	0.0150	0.0005
B12TX2228	0.0000	0.0000	1.0000	0.0000	0.0000	0.0000	0.0000	0.0000	0.0000
B12TX0662	0.0000	0.0000	1.0000	0.0000	0.0000	0.0000	0.0000	0.0000	0.0000
B12OWS	0.0000	0.0000	0.9940	0.0000	0.0000	0.0000	0.0000	0.0060	0.0000
B12TX1748	0.0000	0.0000	1.0000	0.0000	0.0000	0.0000	0.0000	0.0000	0.0000
B12TX1439	0.0000	0.0000	1.0000	0.0000	0.0000	0.0000	0.0000	0.0000	0.0000
B12TX0480	0.0000	0.0000	1.0000	0.0000	0.0000	0.0000	0.0000	0.0000	0.0000
B12TX1106	0.0000	0.0000	1.0000	0.0000	0.0000	0.0000	0.0000	0.0000	0.0000
B12TX0069	0.0000	0.0030	0.9510	0.0460	0.0000	0.0000	0.0000	0.0000	0.0000
B12TX1046	0.0000	0.0100	0.9240	0.0000	0.0003	0.0023	0.0122	0.0220	0.0292
B12TX2400	0.0000	0.0612	0.8507	0.0005	0.0002	0.0003	0.0080	0.0490	0.0300
B12TX2254	0.0000	0.2538	0.7019	0.0000	0.0060	0.0000	0.0003	0.0043	0.0337
B12KLM1872	0.0000	0.5044	0.4554	0.0047	0.0000	0.0002	0.0018	0.0217	0.0118
B12TX0879	0.0085	0.3712	0.5394	0.0217	0.0307	0.0000	0.0018	0.0000	0.0267
B12TX0217	0.0000	0.0000	0.4814	0.3900	0.0337	0.0000	0.0000	0.0000	0.0949
P121TX0231	0.0027	0.0000	0.9213	0.0565	0.0160	0.0000	0.0022	0.0000	0.0013
B12TX0937	0.0032	0.0000	0.9089	0.0504	0.0095	0.0000	0.0015	0.0000	0.0265
B12TX1111	0.0000	0.0000	0.8910	0.0592	0.0198	0.0000	0.0000	0.0000	0.0300
B12TX0663	0.0000	0.0000	0.9798	0.0202	0.0000	0.0000	0.0000	0.0000	0.0000
B12TX2089	0.0000	0.0000	0.8910	0.1085	0.0000	0.0000	0.0000	0.0000	0.0005
B12TX2096	0.0000	0.0000	0.5815	0.0050	0.0000	0.0000	0.0000	0.4135	0.0000
B12TX0686	0.0000	0.0050	0.4803	0.1097	0.0025	0.0000	0.0053	0.3595	0.0377
B12BPS1157	0.0000	0.2390	0.4084	0.0127	0.0003	0.0000	0.0000	0.3381	0.0015
B12TX1120	0.0045	0.0000	0.9930	0.0000	0.0000	0.0000	0.0020	0.0000	0.0005
B12TX0668	0.0000	0.0000	1.0000	0.0000	0.0000	0.0000	0.0000	0.0000	0.0000
B12TX1108	0.0000	0.0000	1.0000	0.0000	0.0000	0.0000	0.0000	0.0000	0.0000
B12TX0487	0.0000	0.0000	1.0000	0.0000	0.0000	0.0000	0.0000	0.0000	0.0000
B12TX0752	0.0000	0.0000	1.0000	0.0000	0.0000	0.0000	0.0000	0.0000	0.0000
B12TX0953	0.1058	0.0170	0.0035	0.5595	0.0290	0.0422	0.0708	0.0570	0.1152
B12TX0213	0.0000	0.0000	0.0000	0.7998	0.0569	0.0000	0.0002	0.0000	0.1431
B12TX0006	0.0007	0.0000	0.0000	0.8422	0.0462	0.0030	0.0000	0.0000	0.1080
B12TX0089	0.0003	0.0000	0.0000	0.7614	0.0905	0.0022	0.0000	0.0000	0.1456
B12TX0634	0.0000	0.0000	0.0000	0.8149	0.0529	0.0000	0.0000	0.0000	0.1322
B12TX0215	0.0000	0.0000	0.0000	0.7889	0.0622	0.0002	0.0000	0.0000	0.1488
B12TX0200	0.0003	0.0000	0.0000	0.7731	0.1035	0.0000	0.0000	0.0000	0.1230
B12TX0240	0.0000	0.0000	0.0000	0.7905	0.0580	0.0000	0.0002	0.0000	0.1513
B12TX1453	0.0000	0.0000	0.0662	0.5238	0.1985	0.0010	0.0377	0.0000	0.1729
B12TX0112	0.0230	0.0000	0.0000	0.5414	0.1704	0.0087	0.0346	0.0000	0.2219
B12TX0109	0.0045	0.0000	0.0000	0.3399	0.2319	0.0646	0.0420	0.0000	0.3170
B12TX0704	0.0225	0.0000	0.0000	0.3758	0.2183	0.0048	0.0842	0.0000	0.2944
B11SA1456	0.0252	0.0000	0.0070	0.3316	0.1178	0.4192	0.0027	0.0000	0.0966
B11SA0825	0.0367	0.0000	0.0000	0.2420	0.3416	0.0898	0.0370	0.0000	0.2529
B11SA1250	0.0665	0.0000	0.0122	0.1557	0.2706	0.0779	0.1319	0.0000	0.2852
B11SA1205	0.0743	0.0000	0.0000	0.0067	0.4736	0.0550	0.0620	0.0000	0.3284
B11SA0084	0.0338	0.0000	0.0000	0.0042	0.5194	0.0553	0.0764	0.0000	0.3108
P115HAU185	0.3227	0.0000	0.0000	0.0000	0.4304	0.0317	0.0410	0.0000	0.1742
B11SA0668A	0.1142	0.0000	0.0000	0.0022	0.4253	0.0490	0.0916	0.0000	0.3178
B11SA0002	0.0015	0.0000	0.0000	0.1500	0.3832	0.0749	0.0565	0.0000	0.3338
B11SA0165	0.0538	0.0000	0.0482	0.0637	0.3769	0.0062	0.1551	0.0000	0.2961
B11DIV293	0.0544	0.0000	0.0257	0.1087	0.3807	0.0300	0.0555	0.0000	0.3451
B11SA1138	0.0745	0.0000	0.0010	0.0854	0.2313	0.1039	0.2314	0.0000	0.2725
B11SA1237	0.2080	0.0000	0.0250	0.0465	0.3174	0.0382	0.0198	0.0000	0.3450
B11SA1232	0.0963	0.0000	0.0575	0.0673	0.3279	0.0222	0.0775	0.0000	0.3514
B11DIV213	0.0375	0.0000	0.0512	0.0685	0.3756	0.0010	0.0263	0.0000	0.4399
B11SA1055	0.0422	0.0000	0.0265	0.0687	0.2895	0.1095	0.0937	0.0000	0.3701
B11SA3308	0.0932	0.0085	0.0210	0.0415	0.2164	0.0182	0.1662	0.2047	0.2303
B11SA3251	0.0003	0.0000	0.0000	0.0267	0.5519	0.0338	0.0640	0.0000	0.3232
B11DIV308	0.0813	0.0000	0.0000	0.0172	0.4358	0.0022	0.1248	0.0000	0.3387
B11SA1725	0.0393	0.0000	0.0000	0.0005	0.5467	0.1535	0.0817	0.0000	0.1782
B11SA1230	0.0005	0.0000	0.0000	0.0000	0.5617	0.1154	0.0855	0.0000	0.2369
B11SA2558	0.0742	0.0000	0.0000	0.0222	0.5091	0.0697	0.0202	0.0020	0.3026
P115HAU159	0.0268	0.0000	0.0000	0.0000	0.7376	0.0180	0.0186	0.0000	0.1989
P115HAU104	0.2988	0.0000	0.0000	0.0000	0.4547	0.0170	0.1807	0.0000	0.0488
P115HAU047	0.0965	0.0000	0.0000	0.0000	0.6882	0.0700	0.0173	0.0000	0.1280
B11SA0053	0.0167	0.0000	0.0000	0.0093	0.5300	0.0852	0.0340	0.0000	0.3248
B11SA0159	0.0862	0.0000	0.0000	0.0003	0.4270	0.1935	0.0160	0.0000	0.2770
B11DIV366	0.0516	0.0000	0.0000	0.0063	0.4294	0.0680	0.0658	0.0000	0.3788
B11DIV037	0.0745	0.0000	0.0000	0.0183	0.3784	0.1050	0.1086	0.0000	0.3151
B11DIV178	0.0573	0.0000	0.0000	0.0060	0.4109	0.1058	0.0723	0.0000	0.3476
B11SA0883	0.1302	0.0000	0.0000	0.0000	0.3147	0.1335	0.1125	0.0000	0.3092
P115HU133	0.1480	0.0000	0.0000	0.0010	0.4254	0.0830	0.0948	0.0000	0.2478
B11SA2589	0.0552	0.0000	0.0000	0.0000	0.1991	0.5949	0.0147	0.0000	0.1361
P115HU271	0.1443	0.0000	0.0000	0.0308	0.4626	0.0814	0.0247	0.0000	0.2563
B11SA0186	0.0053	0.0000	0.0007	0.0280	0.3263	0.2692	0.0280	0.0000	0.3424
P115HAU124	0.3256	0.0000	0.0000	0.0000	0.2651	0.1330	0.0735	0.0000	0.2028
B11SA0333	0.1021	0.0000	0.0000	0.0000	0.2086	0.2198	0.1738	0.0000	0.2956
B11SA1166	0.0746	0.0000	0.0000	0.0000	0.2262	0.0391	0.3185	0.0000	0.3416
B11SA0857	0.2767	0.0000	0.0000	0.0000	0.0845	0.1497	0.2570	0.0000	0.2320
P113Ug4	0.4775	0.0000	0.0000	0.0000	0.1454	0.0000	0.2169	0.0000	0.1602
B11SA1766	0.3668	0.0000	0.0025	0.0000	0.0546	0.0088	0.2809	0.0005	0.2858
B11SA3332	0.1352	0.0000	0.0210	0.0000	0.2272	0.0100	0.1203	0.0000	0.4863
B11DIV034	0.3910	0.0000	0.0030	0.0000	0.1634	0.0168	0.0609	0.0000	0.3648
B11SA3335	0.0882	0.0000	0.0068	0.0000	0.2619	0.1167	0.1739	0.0000	0.3525
B11SA0982	0.1666	0.0000	0.0033	0.0050	0.2884	0.0000	0.0393	0.0000	0.4973
B11DIV306	0.1844	0.0000	0.0053	0.0010	0.3177	0.0007	0.0320	0.0000	0.4589
B11SA0904	0.2385	0.0000	0.0000	0.0000	0.2890	0.0000	0.0630	0.0000	0.4095
B11DIV012	0.1897	0.0000	0.0000	0.0142	0.2529	0.0462	0.2424	0.0000	0.2547
B11SA1291	0.1348	0.0000	0.0100	0.0000	0.2983	0.0028	0.1450	0.0000	0.4091
B11SA0238	0.1398	0.0000	0.0010	0.0010	0.2293	0.0225	0.1498	0.0000	0.4565
B11DIV058	0.1774	0.0000	0.0035	0.0000	0.2470	0.0002	0.0765	0.0000	0.4954
P115HAU072	0.2313	0.0000	0.0037	0.0000	0.2570	0.0953	0.1285	0.0000	0.2841
B11SA1263	0.0498	0.0000	0.0018	0.0000	0.1521	0.3465	0.1090	0.0000	0.3407
B11SA1278	0.0449	0.0000	0.0023	0.0000	0.1031	0.3276	0.1405	0.0122	0.3695
B11SA3489	0.1185	0.0000	0.0142	0.0000	0.2651	0.0002	0.0750	0.0000	0.5271
B11SA2356	0.1408	0.0000	0.0165	0.0008	0.1979	0.0449	0.1237	0.0000	0.4753
P115HAU176	0.3090	0.0000	0.0000	0.0000	0.4186	0.0000	0.2005	0.0000	0.0718
P115HAU121	0.2676	0.0000	0.0000	0.0165	0.4303	0.0000	0.0709	0.0000	0.2148
P115HAU123	0.3788	0.0000	0.0000	0.0000	0.3276	0.0057	0.2164	0.0000	0.0715
P115HAU180	0.3528	0.0000	0.0000	0.0000	0.3551	0.0002	0.2356	0.0000	0.0563
P115HAU248	0.4184	0.0000	0.0000	0.0008	0.3019	0.0908	0.1431	0.0000	0.0450
P115HAU070	0.4264	0.0000	0.0000	0.0000	0.3795	0.0050	0.1246	0.0000	0.0645
P115HAU071	0.4262	0.0000	0.0000	0.0000	0.3790	0.0052	0.1245	0.0000	0.0652
P115HAU126	0.2960	0.0000	0.0000	0.0000	0.3782	0.0147	0.1969	0.0000	0.1142
P115HAU275	0.0943	0.0000	0.0000	0.0000	0.6321	0.0000	0.0565	0.0000	0.2171
P115HAU270	0.0912	0.0000	0.0000	0.0000	0.6293	0.0002	0.0582	0.0000	0.2212
P115HAU279	0.4321	0.0000	0.0000	0.0000	0.2236	0.0000	0.3423	0.0000	0.0020
P115HAU277	0.3369	0.0000	0.0000	0.0000	0.1549	0.0000	0.5068	0.0000	0.0015
P115HAU278	0.3152	0.0000	0.0000	0.0000	0.2663	0.0000	0.4175	0.0000	0.0010
P115HAU280	0.3379	0.0000	0.0000	0.0000	0.2293	0.0000	0.4310	0.0000	0.0018
P115HAU165	0.4426	0.0000	0.0000	0.0000	0.3069	0.0113	0.2049	0.0000	0.0342
P115HAU119	0.3840	0.0000	0.0000	0.0080	0.2092	0.0125	0.2890	0.0060	0.0913
P115HAU196	0.3663	0.0000	0.0000	0.0413	0.2969	0.0002	0.1304	0.0000	0.1649
P115HAU112	0.2839	0.0000	0.0000	0.0332	0.2594	0.0002	0.2684	0.0000	0.1550
P115HAU181	0.3429	0.0000	0.0000	0.0000	0.1063	0.0637	0.4677	0.0000	0.0193
P115HAU105	0.3867	0.0000	0.0000	0.0000	0.1603	0.0000	0.4530	0.0000	0.0000
P113JinM33	0.4465	0.0000	0.0000	0.0000	0.0373	0.0072	0.4988	0.0000	0.0102
P111Cok312	0.2274	0.0000	0.0000	0.0000	0.0188	0.0813	0.6541	0.0000	0.0183
B11SA3403	0.2295	0.0000	0.0000	0.0000	0.0000	0.0000	0.7692	0.0000	0.0013
B11SA3360	0.2484	0.0000	0.0000	0.0000	0.0000	0.0122	0.7373	0.0000	0.0022
P112Cok315	0.2980	0.0000	0.0000	0.0000	0.0000	0.0007	0.6825	0.0000	0.0188
B11SA1184	0.2257	0.0000	0.0000	0.0000	0.0000	0.0017	0.7704	0.0000	0.0022
B11SA2374	0.1954	0.0000	0.0000	0.0000	0.0000	0.0072	0.7722	0.0000	0.0252
B11DIV230	0.0683	0.0110	0.0110	0.0000	0.0032	0.2621	0.6100	0.0000	0.0345
P115HAU274	0.1617	0.0000	0.0000	0.0000	0.0000	0.0000	0.8383	0.0000	0.0000
B11DIV079	0.1299	0.0000	0.0000	0.0000	0.0000	0.0702	0.7861	0.0000	0.0138
P115HU018	0.3827	0.0000	0.0000	0.0000	0.1482	0.0143	0.4544	0.0000	0.0003
P115HAU163	0.5996	0.0000	0.0000	0.0000	0.0115	0.0000	0.3883	0.0000	0.0007
P115HAU106	0.5743	0.0000	0.0000	0.0000	0.0000	0.0000	0.4250	0.0000	0.0007
P115HAU113	0.2093	0.0000	0.0000	0.0000	0.0547	0.0077	0.7284	0.0000	0.0000
P117ST2B	0.1166	0.0000	0.0000	0.0000	0.0470	0.0058	0.8306	0.0000	0.0000
B11DIV141	0.0842	0.0000	0.0000	0.0000	0.0290	0.0668	0.8083	0.0000	0.0117
B11DIV074	0.0570	0.0000	0.0000	0.0000	0.0720	0.0197	0.7249	0.0000	0.1264
B11DIV298	0.0123	0.0000	0.0658	0.0000	0.2152	0.0878	0.4873	0.0000	0.1315
B11SA0965	0.1464	0.0000	0.0000	0.0000	0.1235	0.0115	0.6384	0.0000	0.0802
B11SA1533	0.1652	0.0000	0.0000	0.0050	0.0793	0.1452	0.4794	0.0000	0.1259
B11SA1427	0.3647	0.0000	0.0000	0.0000	0.1169	0.0869	0.3065	0.0000	0.1250
B11SA1428	0.3426	0.0000	0.0000	0.0000	0.1039	0.0942	0.3315	0.0010	0.1269
B11SA0881	0.1599	0.0000	0.0000	0.0000	0.0807	0.0889	0.5086	0.0000	0.1619
B11SA1111	0.0998	0.0000	0.0000	0.0000	0.1415	0.3667	0.3172	0.0000	0.0747
B11SA0940	0.1872	0.0000	0.0000	0.0000	0.1228	0.0878	0.4400	0.0000	0.1622
B11SA1156	0.2298	0.0000	0.0000	0.0000	0.0065	0.0423	0.6582	0.0000	0.0631
P115HAU079	0.2039	0.0000	0.0000	0.0000	0.0015	0.0000	0.7946	0.0000	0.0000
P115HAU044	0.1097	0.0000	0.0000	0.0000	0.0883	0.0230	0.7306	0.0000	0.0483
P115HAU043	0.1091	0.0000	0.0000	0.0000	0.0869	0.0240	0.7311	0.0000	0.0489
B11SA1759	0.1711	0.0000	0.0017	0.0000	0.0300	0.2339	0.3990	0.0000	0.1644
B11SA3444	0.2495	0.0000	0.0078	0.0235	0.1015	0.2280	0.2542	0.0020	0.1335
P111PD1	0.0853	0.0000	0.0000	0.0015	0.0561	0.1538	0.6268	0.0000	0.0765
B11DIV255	0.0930	0.0000	0.0032	0.0043	0.0433	0.5211	0.2146	0.0000	0.1205
B11DIV256	0.1631	0.0000	0.0000	0.0000	0.0222	0.2651	0.4509	0.0000	0.0987
B11DIV263	0.3708	0.0000	0.0000	0.0000	0.0135	0.1509	0.3748	0.0003	0.0897
B11DIV273	0.2056	0.0000	0.0000	0.0000	0.0058	0.1051	0.5870	0.0000	0.0965
B11DIV269	0.1523	0.0000	0.0000	0.0000	0.0048	0.0873	0.6757	0.0000	0.0798
B11SA2260	0.1285	0.0000	0.0000	0.0000	0.0088	0.1410	0.6184	0.0030	0.1002
B11SA1665	0.0696	0.0000	0.0000	0.0000	0.0142	0.1248	0.6900	0.0000	0.1014
B11SA3778	0.0530	0.0000	0.0000	0.0000	0.0062	0.1414	0.6941	0.0000	0.1054
B11SA1596	0.0000	0.0000	0.0000	0.0000	0.0483	0.1841	0.6059	0.0000	0.1617
B11DIV134	0.0135	0.0000	0.0000	0.0000	0.0537	0.2791	0.4269	0.0000	0.2269
B11DIV249	0.0112	0.0000	0.0000	0.0000	0.0520	0.3123	0.4438	0.0000	0.1808
B11DIV002	0.0063	0.0000	0.0000	0.0000	0.0861	0.2001	0.5004	0.0000	0.2071
B11DIV382	0.0872	0.0000	0.0000	0.0000	0.0587	0.0675	0.5823	0.0000	0.2044
B11SA0582	0.0548	0.0000	0.0055	0.0133	0.0831	0.1439	0.3831	0.0095	0.3067
B11DIV310	0.1065	0.0000	0.0000	0.0000	0.1212	0.1627	0.1823	0.0055	0.4217
B11DIV184	0.0919	0.0000	0.0000	0.0000	0.1479	0.0779	0.2511	0.0000	0.4311
B11DIV305	0.0848	0.0000	0.0000	0.0000	0.1007	0.1010	0.3018	0.0008	0.4108
B11DIV136	0.2225	0.0000	0.0025	0.0138	0.0552	0.2250	0.3941	0.0000	0.0868
P114SA0592	0.0227	0.0000	0.0000	0.0000	0.0566	0.0951	0.5664	0.0032	0.2560
B11SA1212	0.0279	0.0000	0.0000	0.0000	0.0257	0.1546	0.7610	0.0000	0.0308
P115HAU085	0.3887	0.0000	0.0000	0.0000	0.0967	0.1063	0.3582	0.0000	0.0500
B11DIV138	0.3532	0.0000	0.0000	0.0000	0.0235	0.0155	0.4931	0.0000	0.1147
B11DIV046	0.1734	0.0000	0.0095	0.0013	0.0909	0.1690	0.2803	0.0108	0.2648
B11SA1349	0.0526	0.0000	0.0025	0.0000	0.1248	0.1859	0.4624	0.0000	0.1717
B11SA3413	0.1110	0.0000	0.0433	0.0525	0.1995	0.0730	0.3342	0.0000	0.1864
B11SA3493	0.2809	0.0000	0.0000	0.0000	0.0052	0.1785	0.4263	0.0072	0.1020
B11SA3477	0.1130	0.0000	0.0000	0.0000	0.0180	0.2985	0.5010	0.0000	0.0695
B11SA2375	0.0495	0.0000	0.0005	0.0000	0.0368	0.3891	0.4359	0.0058	0.0825
B11SA1710	0.1874	0.0000	0.0022	0.0703	0.0003	0.3153	0.3806	0.0000	0.0438
B11DIV211	0.1510	0.0000	0.0087	0.0682	0.0002	0.2877	0.4353	0.0000	0.0489
B11SA1694	0.1169	0.0000	0.0757	0.0000	0.0000	0.1229	0.5782	0.0000	0.1064
B11SA2606	0.0656	0.0108	0.0307	0.0452	0.0948	0.0933	0.3502	0.1245	0.1850
B11DIV206	0.1274	0.0000	0.0038	0.0000	0.0304	0.3473	0.3170	0.0000	0.1741
B11DIV351	0.0763	0.0000	0.0000	0.0000	0.0002	0.2661	0.5679	0.0007	0.0888
B11DIV347	0.1052	0.0000	0.0000	0.0000	0.0530	0.2487	0.5196	0.0000	0.0735
B11DIV066	0.0635	0.0000	0.0000	0.0000	0.0000	0.2134	0.6347	0.0000	0.0883
B11DIV063	0.0132	0.0000	0.0000	0.0000	0.0003	0.2278	0.6467	0.0000	0.1120
B11DIV319	0.0751	0.0000	0.0000	0.0000	0.0000	0.1530	0.6296	0.0000	0.1423
P111TamSph	0.0977	0.0000	0.0000	0.0000	0.0038	0.1336	0.6399	0.0000	0.1250
P112TP	0.1361	0.0000	0.0000	0.0000	0.0007	0.1220	0.6711	0.0000	0.0702
B11SA3777	0.1137	0.0000	0.0000	0.0000	0.0103	0.3709	0.4192	0.0000	0.0859
B11SA2057	0.0002	0.0000	0.0000	0.0000	0.1171	0.4997	0.3167	0.0040	0.0624
B11SA0298	0.0015	0.0000	0.0000	0.0000	0.0832	0.4561	0.3769	0.0000	0.0823
P115HAU276	0.3519	0.0000	0.0000	0.0088	0.0722	0.1944	0.2854	0.0020	0.0853
P115HAU273	0.3229	0.0000	0.0000	0.0020	0.0724	0.2402	0.2832	0.0000	0.0794
B11DIV272	0.1297	0.0000	0.0000	0.0250	0.0953	0.1928	0.4608	0.0000	0.0963
B11DIV040	0.0740	0.0000	0.0000	0.0117	0.0218	0.5547	0.2390	0.0000	0.0988
B11SA0718	0.1404	0.0000	0.0000	0.0212	0.0697	0.5440	0.1000	0.0000	0.1247
B11SA1424	0.1908	0.0000	0.0000	0.0227	0.3469	0.1288	0.1375	0.0000	0.1734
P115HAU110	0.3133	0.0000	0.0000	0.0103	0.4184	0.0919	0.0260	0.0000	0.1401
B11DIV322	0.0585	0.0000	0.0000	0.0135	0.2355	0.2705	0.2380	0.0000	0.1841
P115HAU208	0.1029	0.0000	0.0000	0.0302	0.3716	0.0675	0.2227	0.0000	0.2051
B11SA0815	0.0418	0.0000	0.0000	0.0672	0.2255	0.2912	0.2552	0.0000	0.1192
B11DIV373	0.0428	0.0000	0.0000	0.0000	0.0597	0.4555	0.4418	0.0000	0.0002
B11SA1019	0.0735	0.0000	0.0000	0.0000	0.2429	0.4338	0.0776	0.0000	0.1722
B11DIV209	0.0627	0.0000	0.0000	0.0000	0.1224	0.4278	0.2993	0.0000	0.0879
B11DIV048	0.0980	0.0000	0.0078	0.0808	0.0000	0.3410	0.4612	0.0000	0.0112
P116D531C	0.4095	0.0000	0.0000	0.0000	0.0243	0.3890	0.1742	0.0000	0.0030
B11SA1703	0.1424	0.0000	0.0000	0.0971	0.0000	0.4335	0.3102	0.0000	0.0168
B11DIV199	0.1375	0.0000	0.0000	0.0000	0.0058	0.4317	0.3945	0.0070	0.0235
B11DIV289	0.2335	0.0000	0.0000	0.0000	0.0000	0.5634	0.1970	0.0000	0.0060
B11SA1044	0.1952	0.0000	0.0000	0.0000	0.0000	0.5453	0.2592	0.0000	0.0003
B11SA1006	0.1644	0.0000	0.0000	0.0000	0.0062	0.6041	0.2245	0.0000	0.0008
B11SA0369	0.2737	0.0000	0.0000	0.0000	0.1464	0.2990	0.1275	0.0000	0.1535
B11DIV030	0.0822	0.0000	0.0000	0.0000	0.2176	0.0348	0.4443	0.0098	0.2113
B11DIV033	0.1591	0.0000	0.0000	0.0000	0.2084	0.2851	0.0408	0.0058	0.3006
B11DIV364	0.1423	0.0000	0.0000	0.0000	0.2032	0.2930	0.0465	0.0058	0.3092
B11DIV264	0.1651	0.0000	0.0000	0.0000	0.2013	0.2830	0.0515	0.0055	0.2937
B11DIV232	0.4574	0.0000	0.0000	0.0000	0.0000	0.3016	0.2322	0.0000	0.0088
B11SA0892	0.6098	0.0000	0.0000	0.0000	0.0000	0.2855	0.1032	0.0000	0.0015
P116DixieK	0.4408	0.0000	0.0000	0.0000	0.0000	0.3959	0.1629	0.0000	0.0003
P115HU213	0.6849	0.0000	0.0000	0.0000	0.0172	0.0533	0.2340	0.0000	0.0107
P115HAU137	0.1846	0.0000	0.0000	0.0000	0.2589	0.0803	0.4075	0.0000	0.0687
P115HAU090	0.1219	0.0000	0.0000	0.0000	0.3605	0.1557	0.3194	0.0000	0.0425
B11SA0311	0.1019	0.0000	0.0000	0.0000	0.2222	0.2247	0.4006	0.0000	0.0505
B11DIV243	0.1154	0.0000	0.0000	0.0077	0.0588	0.5290	0.1757	0.0000	0.1134
B11DIV169	0.0000	0.0000	0.0000	0.0000	0.1179	0.4223	0.3224	0.0000	0.1374
B11DIV119	0.2643	0.0000	0.0000	0.0000	0.0052	0.4761	0.1895	0.0000	0.0650
P111HS26	0.0913	0.0000	0.0000	0.0000	0.0502	0.5266	0.2936	0.0000	0.0383
P114SA3783	0.1210	0.0000	0.0000	0.0000	0.0647	0.4262	0.3577	0.0000	0.0305
B11DIV245	0.0453	0.0000	0.0000	0.0000	0.0117	0.5049	0.3906	0.0010	0.0465
B11SA2895	0.0002	0.0000	0.0008	0.0002	0.0785	0.5723	0.2679	0.0040	0.0762
B11SA3340	0.0105	0.0000	0.0000	0.0000	0.1503	0.6377	0.1268	0.0000	0.0747
B11DIV237	0.0002	0.0000	0.0000	0.0000	0.1197	0.6534	0.1722	0.0000	0.0545
B11SA1139	0.0010	0.0000	0.0000	0.0000	0.1820	0.6886	0.0505	0.0000	0.0778
B11SA2580	0.0330	0.0000	0.0000	0.0000	0.0853	0.6974	0.0796	0.0000	0.1046
B11DIV055	0.1593	0.0000	0.0000	0.0000	0.0537	0.5238	0.1138	0.0625	0.0868
B11DIV246	0.0815	0.0000	0.0000	0.0000	0.0505	0.6279	0.2023	0.0000	0.0378
B11DIV316	0.2301	0.0000	0.0000	0.0072	0.0155	0.4933	0.1963	0.0030	0.0547
B11DIV096	0.0793	0.0000	0.0000	0.0000	0.0560	0.6745	0.1673	0.0015	0.0213
B11DIV296	0.0022	0.0000	0.0000	0.0000	0.0547	0.8769	0.0557	0.0000	0.0105
B11SA1181	0.0000	0.0000	0.0000	0.0000	0.0085	0.6940	0.2975	0.0000	0.0000
B11DIV007	0.0000	0.0000	0.0000	0.0000	0.0007	0.9975	0.0000	0.0000	0.0018
B11SA3193	0.0018	0.0000	0.0000	0.0000	0.0098	0.7731	0.2018	0.0000	0.0135
B11DIV226	0.0000	0.0000	0.0000	0.0000	0.0000	0.9995	0.0005	0.0000	0.0000
P111Maxxa	0.0637	0.0000	0.0000	0.0000	0.0000	0.9363	0.0000	0.0000	0.0000
B11DIV059	0.0410	0.0000	0.0000	0.0000	0.0000	0.9588	0.0002	0.0000	0.0000
P112AU	0.1556	0.0000	0.0000	0.0000	0.0003	0.6960	0.1363	0.0000	0.0118
B11DIV380	0.0002	0.0000	0.0000	0.0000	0.0000	0.9715	0.0283	0.0000	0.0000
B11SA3781	0.0388	0.0000	0.0000	0.0000	0.0293	0.9312	0.0007	0.0000	0.0000
B11SA1913	0.0018	0.0000	0.0000	0.0000	0.0073	0.9292	0.0542	0.0000	0.0075
B11SA1845	0.0172	0.0048	0.0000	0.0108	0.0003	0.7089	0.0527	0.1802	0.0250
B11SA2330	0.0557	0.0000	0.0000	0.0000	0.0279	0.4840	0.2407	0.0000	0.1918
B11DIV363	0.0050	0.0000	0.0000	0.0018	0.2197	0.5053	0.0837	0.0000	0.1845
B11SA3284	0.1413	0.0000	0.0000	0.0000	0.1140	0.4471	0.2797	0.0000	0.0178
P115HU130	0.1713	0.0000	0.0000	0.0000	0.5301	0.1416	0.0442	0.0000	0.1128
B11SA3256	0.1826	0.0000	0.0058	0.0000	0.3083	0.2863	0.1455	0.0102	0.0614
P115HAU223	0.1129	0.0000	0.0000	0.0000	0.5214	0.3083	0.0140	0.0000	0.0434
P115HAU091	0.1462	0.0000	0.0000	0.0000	0.3883	0.3451	0.1182	0.0000	0.0022
P115HAU186	0.2271	0.0000	0.0000	0.0000	0.5500	0.1732	0.0497	0.0000	0.0000
P115HAU224	0.0950	0.0000	0.0000	0.0000	0.6712	0.1673	0.0165	0.0000	0.0500
P115HU131	0.2185	0.0000	0.0000	0.0000	0.6116	0.1694	0.0005	0.0000	0.0000
P115HAU254	0.2924	0.0000	0.0000	0.0000	0.5212	0.1403	0.0454	0.0000	0.0008
P115HAU225	0.0675	0.0000	0.0000	0.0000	0.6783	0.1857	0.0052	0.0000	0.0634
P115HAU179	0.1452	0.0000	0.0000	0.0000	0.6060	0.1097	0.0013	0.0000	0.1377
P115HAU212	0.0633	0.0000	0.0000	0.0000	0.6037	0.2122	0.0417	0.0000	0.0792
P115HAU202	0.0850	0.0000	0.0000	0.0000	0.6154	0.1564	0.0000	0.0000	0.1432
P115HAU116	0.0676	0.0000	0.0000	0.0000	0.6483	0.1436	0.0002	0.0000	0.1402
P115HAU039	0.1201	0.0000	0.0000	0.0037	0.5181	0.2301	0.0235	0.0000	0.1046
P115HAU034	0.1707	0.0000	0.0000	0.0000	0.3986	0.3519	0.0362	0.0000	0.0427
P115HAU037	0.3155	0.0000	0.0062	0.0112	0.4508	0.1173	0.0992	0.0000	0.0000
P115HAU040	0.0482	0.0000	0.0000	0.0058	0.6063	0.3225	0.0000	0.0000	0.0172
P115HAU017	0.2008	0.0000	0.0000	0.0000	0.4778	0.1460	0.1253	0.0000	0.0502
P115HAU264	0.3449	0.0000	0.0000	0.0015	0.4777	0.1537	0.0220	0.0000	0.0002
P115HAU263	0.3730	0.0000	0.0000	0.0000	0.4878	0.1274	0.0118	0.0000	0.0000
P115HAU231	0.3348	0.0000	0.0000	0.0000	0.5425	0.1043	0.0182	0.0000	0.0002
B11SA3452	0.0027	0.0000	0.0248	0.0437	0.4507	0.2262	0.0355	0.0000	0.2165
B11SA1403	0.0042	0.0000	0.0000	0.0000	0.2489	0.7466	0.0000	0.0000	0.0003
B11SA1406	0.0002	0.0000	0.0000	0.0000	0.5153	0.4845	0.0000	0.0000	0.0000
B11SA3390	0.0000	0.0000	0.2518	0.0770	0.3547	0.3165	0.0000	0.0000	0.0000
B11SA1392	0.0000	0.0000	0.0000	0.0000	0.5030	0.4970	0.0000	0.0000	0.0000
B11DIV355	0.0000	0.0000	0.0000	0.0000	0.5048	0.4952	0.0000	0.0000	0.0000
P117XLZ42	0.1343	0.0000	0.0010	0.0168	0.6130	0.2044	0.0292	0.0000	0.0013
P115HAU258	0.1950	0.0000	0.0000	0.0000	0.5926	0.1969	0.0150	0.0000	0.0005
P115HAU257	0.1995	0.0000	0.0000	0.0000	0.6710	0.1275	0.0020	0.0000	0.0000
P115HAU228	0.2114	0.0000	0.0000	0.0000	0.3882	0.3586	0.0418	0.0000	0.0000
P115HAU229	0.1903	0.0000	0.0000	0.0000	0.6142	0.1562	0.0328	0.0000	0.0065
P115HAU033	0.0123	0.0000	0.0000	0.0170	0.7123	0.2518	0.0065	0.0000	0.0000
P115HAU251	0.0162	0.0000	0.0000	0.0197	0.7117	0.2433	0.0092	0.0000	0.0000
P115HAU203	0.4346	0.0000	0.0000	0.0000	0.2361	0.0767	0.2301	0.0002	0.0223
B11SA3338	0.3337	0.0000	0.0003	0.0073	0.1330	0.2263	0.1675	0.0000	0.1318
P115HAU098	0.2282	0.0000	0.0000	0.0000	0.4494	0.1170	0.1627	0.0000	0.0427
P115HAU169	0.4667	0.0000	0.0000	0.0000	0.3267	0.0508	0.1533	0.0000	0.0025
P113Zh9807	0.3261	0.0000	0.0000	0.0000	0.2513	0.0493	0.3433	0.0000	0.0300
P115HAU097	0.3306	0.0000	0.0000	0.0000	0.3654	0.0553	0.2322	0.0000	0.0165
P115HAU093	0.5180	0.0000	0.0000	0.0000	0.4328	0.0023	0.0469	0.0000	0.0000
P113Zh9612	0.6517	0.0000	0.0000	0.0000	0.1939	0.0013	0.1520	0.0000	0.0010
P113CRI12	0.6572	0.0000	0.0000	0.0000	0.1943	0.0023	0.1460	0.0000	0.0002
P115HAU074	0.2397	0.0000	0.0000	0.0000	0.4960	0.0058	0.2585	0.0000	0.0000
P115HAU167	0.2016	0.0000	0.0000	0.0000	0.6191	0.0002	0.1376	0.0000	0.0415
P115HAU012	0.0704	0.0000	0.0008	0.0000	0.6319	0.0105	0.1567	0.0000	0.1297
P115HAU132	0.1483	0.0000	0.0000	0.0000	0.6212	0.0517	0.1067	0.0000	0.0722
P115HAU171	0.0998	0.0000	0.0000	0.0000	0.6792	0.0685	0.0765	0.0000	0.0759
P115HAU182	0.0948	0.0000	0.0000	0.0000	0.6403	0.0637	0.1215	0.0000	0.0796
P115HAU168	0.2133	0.0000	0.0000	0.0000	0.5172	0.1365	0.0717	0.0000	0.0613
P115HAU157	0.4755	0.0000	0.0000	0.0000	0.2536	0.0270	0.2419	0.0000	0.0020
P115HAU206	0.5081	0.0000	0.0000	0.0000	0.1634	0.0740	0.2529	0.0000	0.0017
P115HAU252	0.5239	0.0000	0.0000	0.0000	0.1390	0.0402	0.2778	0.0000	0.0192
P115HAU007	0.3983	0.0002	0.0000	0.0082	0.2206	0.0362	0.2203	0.0000	0.1162
P115HAU094	0.5697	0.0000	0.0000	0.0000	0.1947	0.1100	0.1072	0.0000	0.0185
P115HAU175	0.5679	0.0000	0.0000	0.0000	0.1098	0.0448	0.2494	0.0000	0.0280
P115HAU170	0.3220	0.0000	0.0000	0.0000	0.3069	0.0268	0.3311	0.0000	0.0132
P115HAU245	0.5069	0.0000	0.0000	0.0000	0.1760	0.0951	0.1611	0.0000	0.0608
P115HAU204	0.4801	0.0000	0.0000	0.0000	0.3891	0.0555	0.0448	0.0000	0.0305
P115HAU025	0.5561	0.0000	0.0000	0.0012	0.2736	0.0540	0.1032	0.0000	0.0118
P115HAU232	0.5122	0.0000	0.0005	0.0038	0.1622	0.0308	0.2576	0.0133	0.0195
P115HAU262	0.3249	0.0000	0.0060	0.0000	0.2826	0.1977	0.1619	0.0000	0.0268
P115HAU266	0.4601	0.0000	0.0000	0.0000	0.3443	0.0601	0.1245	0.0030	0.0080
P115HAU156	0.3425	0.0000	0.0000	0.0000	0.4113	0.0950	0.1512	0.0000	0.0000
P115HAU013	0.3885	0.0000	0.0000	0.0000	0.4562	0.1318	0.0235	0.0000	0.0000
P115HAU135	0.2697	0.0000	0.0000	0.0000	0.5275	0.1770	0.0108	0.0000	0.0150
P115HAU011	0.4950	0.0000	0.0000	0.0000	0.4362	0.0337	0.0352	0.0000	0.0000
P115HAU173	0.4995	0.0000	0.0000	0.0000	0.4062	0.0652	0.0290	0.0000	0.0002
P115HAU227	0.4836	0.0000	0.0000	0.0000	0.4171	0.0714	0.0279	0.0000	0.0000
B11SA1420	0.4559	0.0000	0.0000	0.0000	0.3929	0.1354	0.0000	0.0000	0.0158
P115HAU255	0.2768	0.0000	0.0000	0.0000	0.6049	0.1027	0.0012	0.0000	0.0145
P115HAU183	0.3576	0.0000	0.0000	0.0000	0.4477	0.1460	0.0368	0.0000	0.0118
P115HAU014	0.3495	0.0000	0.0000	0.0000	0.5043	0.1267	0.0033	0.0000	0.0162
P115HAU184	0.3350	0.0000	0.0000	0.0000	0.4619	0.1883	0.0043	0.0000	0.0105
P115HAU127	0.6141	0.0000	0.0000	0.0000	0.0373	0.0733	0.2697	0.0000	0.0055
P115HAU016	0.6222	0.0000	0.0000	0.0000	0.1613	0.0178	0.1987	0.0000	0.0000
P115HAU128	0.6289	0.0000	0.0000	0.0000	0.1002	0.0437	0.2138	0.0000	0.0135
P115HAU172	0.6808	0.0000	0.0000	0.0000	0.1660	0.0037	0.1337	0.0000	0.0158
P115HAU247	0.7043	0.0000	0.0000	0.0000	0.1071	0.0000	0.1751	0.0000	0.0135
P115HAU240	0.5732	0.0000	0.0000	0.0000	0.2348	0.0148	0.1441	0.0002	0.0328
P115HAU249	0.5934	0.0000	0.0000	0.0017	0.1801	0.0000	0.1993	0.0000	0.0255
P115HAU036	0.4755	0.0000	0.0000	0.0000	0.3539	0.0832	0.0874	0.0000	0.0000
P115HAU032	0.4592	0.0000	0.0000	0.0000	0.3444	0.0125	0.1839	0.0000	0.0000
P115HAU226	0.5374	0.0000	0.0000	0.0000	0.2719	0.0197	0.1710	0.0000	0.0000
P115HAU242	0.4787	0.0000	0.0000	0.0000	0.2785	0.0000	0.2110	0.0000	0.0318
P115HAU092	0.7335	0.0000	0.0000	0.0000	0.1626	0.0023	0.1016	0.0000	0.0000
P115HAU009	0.5677	0.0000	0.0000	0.0390	0.2505	0.0007	0.0543	0.0000	0.0878
P115HAU253	0.6525	0.0000	0.0000	0.0000	0.2814	0.0000	0.0660	0.0000	0.0000
P115HAU261	0.4519	0.0000	0.0000	0.0000	0.3323	0.0962	0.1184	0.0000	0.0012
P115HAU100	0.7081	0.0000	0.0000	0.0000	0.1877	0.0000	0.1042	0.0000	0.0000
P115HAU099	0.6959	0.0000	0.0000	0.0000	0.1941	0.0000	0.1100	0.0000	0.0000
P115HAU246	0.5127	0.0000	0.0000	0.0000	0.1593	0.1457	0.1778	0.0000	0.0045
P115HAU189	0.4393	0.0000	0.0000	0.0000	0.2263	0.1142	0.2088	0.0000	0.0113
P115HAU210	0.5757	0.0000	0.0000	0.0000	0.1951	0.0590	0.1624	0.0000	0.0078
P115HAU207	0.6274	0.0000	0.0000	0.0000	0.0632	0.3079	0.0007	0.0000	0.0008
P115HAU174	0.5003	0.0000	0.0000	0.0000	0.1845	0.0160	0.2395	0.0000	0.0597
